-0.566937612938,0.611311938771,1.26315247243,0.535743839933
-0.579273146205,0.36199866148,1.06344747398,0.697978939413
-0.0422617247549,0.0171355875224,1.79969804479,0.267772040742
0.135606810881,-0.970077711849,1.59353846937,-0.112328558347
0.248954403386,0.596220150952,1.81492059159,-0.49987182262
-0.422524130815,-0.787803621322,1.9535977328,-0.668896397398
0.560096813005,0.482937238989,1.30159597047,-0.677201046848
0.282179617777,0.0290968474435,1.66653840033,0.698392346694
-0.348815729262,-0.808998600965,1.49800970549,-0.377193385485
0.681554912461,0.822666044146,1.65371757694,-0.604161611388
0.380732910866,-0.579875304088,1.12469005779,0.312890364862
-0.114252845304,-0.0506911935311,1.55950779661,-0.755049940062
-0.94278861092,-0.803035989228,1.00224841914,-0.476464837782
0.407040331122,0.79966031932,1.49571445157,-0.244265843876
0.113876645611,-0.151374238705,1.788654789,-0.107740921792
0.655080628831,0.9727835668,1.30249691808,-0.449628565598
0.45867573964,-0.188296717184,1.73873069186,0.653320983431
0.0731412993286,0.164126933951,1.71168926772,0.656616400295
0.296466580311,-0.0853531618314,1.4276893342,0.945336576642
-0.144035459636,0.807021948369,1.97135647991,0.213699183955
-0.0894526419575,-0.538705398582,1.817325661,0.857142664509
-1.60792354536,-0.87913404638,1.2195855849,-0.746123172855
-1.89411019598,0.947278369744,1.18991679124,0.895235222433
0.531033190922,0.675543386056,1.95686454074,-0.538969988242
-0.432931899568,-0.937428096572,1.59758328041,-0.282975656464
0.381886416914,-0.128833942585,1.12505314095,0.66785648602
-0.289560047844,-0.52788793202,1.58458635305,-0.337442184445
0.640260446433,0.413543250451,1.08085220809,-0.421778591454
-0.252635414124,-0.307341916434,1.43522932951,-0.512716095515
-0.121719952912,0.227986206974,1.25549045264,0.151536880763
0.361924950434,-0.627531072451,1.67860758379,0.70860316528
-0.0190071276235,-0.992756336895,1.09433409567,-0.0165319322407
0.106562439119,-0.158045718152,1.10180991448,-0.268144252948
-0.70874255684,-0.574840919827,1.06817481482,-0.571102571828
-0.615543669049,-0.719649949912,1.92542375705,-0.725286243883
-1.48374020393,0.968931464838,1.48312204267,0.977330348297
-0.445714900857,-0.522156303982,1.7687621834,-0.94483039996
1.00477516104,0.38789958735,1.14776270125,-0.94328381438
0.110102122124,0.785312276411,1.47892866001,0.136892126422
-0.0441355751835,0.0100202836654,1.95322346483,0.398596440528
0.347188213257,-0.670654487401,1.93634486329,0.577920060583
-0.00471096184546,-0.273423318092,1.92658474093,0.93871076555
-0.713617598023,-0.804812391107,1.86798219621,-0.749964824976
0.0868582377395,0.0467021028577,1.12728971337,-0.634967217792
-0.16688546442,-0.255741754554,1.46989692578,0.0948728811944
0.0802019236469,0.199222382321,1.81323994375,-0.2003800939
0.292143088073,0.860664590251,1.53715096201,-0.444470134765
0.0700927180494,0.340474481309,1.57089763544,-0.295389501378
1.710475597,-0.868067893795,1.12446358232,0.910164179401
1.36319298188,-0.544070852557,1.02841279817,0.9518704582
0.258903099627,0.384781222202,1.74047524131,-0.878105274115
-0.221739578029,-0.281699618204,1.12943062292,-0.532365649554
-0.69466430416,0.645264746528,1.74518398654,0.532551579117
-0.71789917139,-0.646852526215,1.81877607693,-0.974654353159
0.041888763532,-0.63003357767,1.2135778437,-0.109323764242
0.411369111193,-0.971474541519,1.37677253468,0.325029376494
-0.0776957889619,-0.393577402109,1.78492438729,0.992054282512
0.0916500610337,-0.152368706241,1.347251502,0.980748896343
0.0432127350043,-0.239548304266,1.57535935856,-0.114754063277
-0.196248448977,0.102037903575,1.89500103204,-0.0515978839387
0.610021674199,-0.662853947065,1.97943722869,0.762674124222
-0.35145863712,-0.60611477608,1.97087983211,-0.7250970488
0.2433282896,0.18692724881,1.45410100044,-0.836625002281
0.19648178091,-0.250095372702,1.3800442925,0.154794775403
-0.440333767228,-0.386665647899,1.50120598183,-0.835334848375
-1.13638059878,-0.954389122187,1.30257631054,-0.687916403754
0.886915216807,-0.527428475423,1.16696761442,0.738110943576
-0.512708765086,0.926061628062,1.45694010523,0.557841698617
0.232147982623,-0.308200651044,1.71247787434,0.90469241248
0.184493704564,-0.058094331984,1.11442104337,-0.991415919736
-1.16941133625,-0.884585220253,1.2172321076,-0.74925520914
-0.230126214452,-0.110011044558,1.20250235077,-0.403357896709
0.187458155161,0.962820164199,1.91137437754,-0.291075736686
-0.20125149761,0.758679050703,1.38877669561,0.303535948293
0.0117192904732,-0.405576605493,1.95866766831,0.740669844123
-0.572203015639,0.523097955819,1.23609155199,0.584104439576
0.225098156399,0.822080360724,1.20039188119,0.0944451592902
0.575908040673,-0.687818311075,1.44856162213,0.798416463247
-0.380885616401,0.779604018661,1.91553061272,0.740773138347
2.20148063472,0.986739454769,1.0540118307,-0.789084222577
-0.0462868141512,-0.290448292249,1.295093228,0.15146666243
0.428489089502,0.494994521447,1.425713352,-0.66796726418
0.303750535439,-0.60560703909,1.64812551095,0.0997032070505
-0.485816612145,-0.759439010189,1.36300560729,-0.37468982772
-0.013016863507,-0.0868391443328,1.36864923886,0.657813497631
-0.211676875791,-0.490896614033,1.92495741558,-0.242545972328
0.626366007126,0.789000661233,1.38285388191,-0.417975963222
-0.0520692707411,0.220106513771,1.73114927611,-0.552744457855
0.307490489046,0.342475276779,1.82761954738,-0.657208778468
0.311519278966,0.276607550508,1.78393356869,-0.729768953278
-0.467756496631,-0.832463810413,1.1173452346,-0.254711155196
0.910816755948,-0.615370109205,1.49888291068,0.705602301317
-0.531221750289,-0.370915020588,1.18919372913,-0.338778553294
0.153784543107,-0.311733365729,1.40550431605,0.272288211023
1.93986419108,0.820776134519,1.08818289353,-0.825237369611
-1.00812661703,-0.888404483255,1.15317331851,-0.78009807024
-0.0289375914913,0.32713049073,1.96585431779,-0.103612528284
-0.0738145571207,0.457482203492,1.8722691852,-0.262944553171
1.53618437376,-0.651560242881,1.09290556696,0.951294788159
-0.319200970109,0.734449571416,1.58894607624,0.187433906215
0.493453432438,-0.631705018118,1.85903035687,0.922797949709
0.619141193544,0.773696046305,1.32842533662,-0.373867651426
-0.08654472814,-0.705738897901,1.41233422628,-0.243160249442
-0.676641445766,0.681986595246,1.01631209888,0.341728400791
-1.59402656635,-0.941079301326,1.18607053045,-0.808024305061
-0.037732231397,0.977815859313,1.73611486407,0.0346523868695
1.77670752562,-0.987135073237,1.08810476836,0.631666412927
-1.0648994145,0.517577508132,1.15117168054,0.801911647112
-0.386500795545,0.469334609928,1.36574200779,0.632612544462
0.170335962447,-0.310460867746,1.23696719902,0.299624196074
1.06846937496,-0.914174688113,1.36092849793,0.816684904331
0.582592819934,-0.716803620461,1.74760493481,0.842054663177
-0.150235349598,0.271089007443,1.68597726408,0.941907983007
-0.549739992954,-0.877690746024,1.77107259594,-0.619696828378
-0.446042177789,0.374899903468,1.93754447302,0.975047929
-0.391528769422,-0.488457251263,1.33242873108,-0.721846135631
0.956223742626,-0.837691519764,1.35089766593,0.630595235967
0.907834676021,0.784847891511,1.28682440342,-0.712050747003
0.28498006346,0.333244582964,1.00376851641,-0.21305496389
-0.75276916107,-0.953603460074,1.30973222539,-0.445600552821
-0.871553186415,-0.783406826703,1.23529178484,-0.732582381098
-0.480807108564,-0.348357186088,1.92049034605,-0.50795772185
0.155428575819,0.706672349958,1.58391961469,-0.160590800251
-0.939919987633,0.430585378779,1.03492952437,0.691640211344
-0.123345570545,-0.875391095964,1.36899463127,-0.133450961286
0.740509613524,0.75238517021,1.33252026432,-0.453317385309
-0.360244977491,-0.684037857611,1.29626993932,-0.0408364906597
-0.196332246002,0.0590392750233,1.36038670222,0.589641915355
-0.511448850997,0.79084092037,1.34368531502,0.467314503704
0.245365386209,0.0819619633272,1.07310581676,-0.338147274152
-0.144088710384,-0.661493778735,1.21280987538,-0.00233534186355
0.34529721412,0.258921460772,1.0638253842,-0.639719726338
-1.6886986823,0.645586912319,1.0528198149,0.87194436472
-0.695037502111,0.925083430572,1.79088948298,0.669492882184
-0.200634131025,-0.0620448658112,1.36503397298,0.701095092499
0.623667453118,-0.822774722165,1.3352616022,0.330128343095
0.330227650254,0.617462536235,1.82677316491,-0.940602038084
-0.184317754086,-0.933278170662,1.52390760258,-0.263950997661
0.0504298124825,-0.497880475582,1.68889556145,0.50004649799
-0.0269037254112,-0.290257678081,1.76478531497,-0.599449163388
0.0778261276552,0.572219683674,1.41836868077,-0.122297623003
-0.967220943038,-0.464156864641,1.01819927699,-0.823748931498
0.0794381027664,0.0848161698058,1.36910160753,0.760481030044
-0.543130131058,-0.48834900626,1.67126396438,-0.732763123892
-0.530705130723,-0.616980310098,1.68811664979,-0.631417769542
-1.00233823741,0.686973084669,1.46117347696,0.731060802055
0.113833430142,-0.913135993123,1.57306658711,-0.0479573205312
0.710354973591,0.590449493926,1.50806853172,-0.933688857219
0.0722867655724,-0.31565883755,1.58414709578,0.136515198065
-0.394172188366,0.943665888536,1.90082913365,0.42934223629
0.782619202577,0.658852848009,1.54114418426,-0.900872396275
-0.186556722145,0.773482715346,1.35882298779,0.136155736849
-0.40535215828,-0.196841991814,1.22832797524,-0.634305937077
-0.363805771529,0.282850340894,1.88400335174,0.476958964159
-0.213153403098,-0.149597120755,1.41184447719,0.013245260412
0.626913581372,-0.548362701519,1.02826797582,0.281366706089
0.622678495819,0.61946874086,1.16727206922,-0.592123427575
0.00421524286326,-0.0705300692465,1.77532819695,-0.0241200879314
-0.34228935996,0.268482672249,1.37395764678,0.82230823346
0.449296200479,0.388986046892,1.3378297829,-0.313362249513
-0.26555412047,-0.393920801227,1.15528487418,-0.621537482872
-0.0674977068162,-0.17691287437,1.78420884496,0.627870211384
0.594230209673,-0.499426428237,1.06428945514,0.630145371237
-0.471416032796,0.425554463564,1.20703541191,0.470274904884
-0.733105509082,-0.462650320913,1.33576807632,-0.554394865364
-0.0551269095679,0.592961035966,1.96374625994,0.062596027866
-1.09387777033,-0.496479186801,1.0520915948,-0.921960213879
-0.231152380754,-0.318765080011,1.5712629658,-0.883242326206
-0.279281292738,0.750677407405,1.75736342575,0.175183402307
-0.0172991825073,-0.142164011015,1.25685262203,-0.0848649643422
0.192284751177,-0.669298013755,1.13958671991,0.145817753009
0.119706071365,0.427830574736,1.88762671187,0.139311477636
-0.184063505129,-0.745714553773,1.77117050086,-0.00997389004942
-0.341895066005,0.371606219919,1.48136854373,0.706934297733
-0.0919815303483,-0.00623480915346,1.46331071079,-0.417423816973
0.0169770646849,0.0851443100978,1.28357717556,-0.217543419805
0.19330364229,0.345337157962,1.3408327789,-0.557110550503
-0.303108320572,-0.552718227106,1.14604708624,-0.442283776815
-0.0491481307435,0.529666546882,1.54821435906,0.0413667564787
0.3344767978,-0.899531318777,1.20882858502,0.359577475325
0.192909003569,-0.0947118574908,1.86441887566,0.167577054522
0.0215520514187,0.119611824554,1.1658722665,0.664558515906
0.0559336331212,0.343516843443,1.55269392613,-0.379811045938
-0.105804664067,0.0283343233191,1.84204170297,0.678180717392
-0.0646703518206,0.433439501003,1.31786155955,0.203262527049
-0.598406838466,0.464570468596,1.22627923452,0.53419385594
0.100440488745,-0.640744283395,1.56481969027,0.024613426915
-0.00610825065308,0.211876589301,1.47322084126,0.634714749642
0.32952252029,0.609139132101,1.93805751245,-0.203105970492
-1.74568439503,0.97750112561,1.39750470232,0.994137542617
-1.16445045676,-0.54744611147,1.11798477131,-0.889841818108
0.801027386627,0.760600987654,1.08946795354,-0.234616509338
0.43124263015,-0.809303135773,1.96261931196,0.368745200026
1.02288644789,0.777804689213,1.62605872535,-0.694275312237
-1.58030858532,0.814471994476,1.21712569495,0.882789292229
0.166216852535,-0.827291918468,1.88135609631,0.112372425382
2.01892761905,0.862030078717,1.07411484392,-0.726063516269
0.223338895866,-0.366709551719,1.94887579778,0.173452931064
-0.120521745575,-0.100477870589,1.16209739453,-0.390893038392
-0.246821003166,0.940303463986,1.89091005682,0.457183047634
0.193058748517,-0.950426788328,1.68801812667,0.376125331768
-0.277641708932,0.725995301131,1.3742588272,0.0457521057127
-0.689893854974,0.94305906606,1.59268594317,0.750967840693
0.980494098721,0.728544824877,1.37275733424,-0.876953303735
0.613626979225,0.684350337495,1.34334621437,-0.267009008028
0.0266594149257,0.0161028252855,1.55903561028,-0.5668074722
-1.02252068054,0.659203704362,1.29673052056,0.924557461842
-0.0894347241579,0.13912773781,1.45574313706,0.492875072566
-0.211627796784,0.14702664243,1.44783649943,0.892145710918
-0.562363589268,0.632888287074,1.93333742124,0.876718587594
0.159621771693,0.0381468821868,1.73748617298,-0.73608395695
-0.235179539001,0.202287874179,1.61316126883,0.518301107336
0.43911140075,0.598336175664,1.77371933169,-0.47289011171
-0.466447251286,0.6800916878,1.02098723598,-0.00245351133274
-0.197077027429,-0.94050398012,1.60939490599,-0.503202848837
-0.596172102052,-0.777158814606,1.60692496512,-0.819223897957
-0.218174048063,-0.0958085627757,1.87636035168,-0.217747895666
0.166441731901,0.18017883672,1.26501114027,-0.335065737133
0.208847637904,-0.813071788015,1.17427715172,0.11388657544
-0.215547961282,0.427806139328,1.35065434558,0.651615169958
-1.35631394455,0.974394964135,1.1007000934,0.588911749112
-0.346168985594,0.82658480623,1.35416381733,0.362449972712
0.355070662935,-0.264637086522,1.2771449115,0.591874578592
-0.0503700018151,-0.415955607036,1.89220376848,0.174146075286
-0.207556795657,0.401043187149,1.98206090384,0.264458987544
-1.54432335592,0.973232632597,1.41574993804,0.797860500223
-0.119082301411,0.0932980468127,1.87633735791,0.1967510438
0.215187750945,-0.334062297209,1.1013522857,0.396346003193
0.135770456861,-0.445056008431,1.89264808333,0.380549080112
-1.06185829723,0.858885461429,1.08275378654,0.431319403036
1.48305490653,0.768939131221,1.20118926221,-0.854528170393
0.185572894203,0.2066852318,1.00913833645,-0.446709280696
-0.168837354246,-0.0936573746421,1.30146962804,-0.85033385505
0.15685524297,0.178730167105,1.90970715236,-0.740027185302
0.6010730308,-0.227327950719,1.11687007401,0.794485304909
-0.92266340147,-0.57619827561,1.02073507756,-0.510189670598
0.0658398245034,0.814728592815,1.93211387515,0.0529222833436
0.37418257074,0.899081467931,1.5611076169,-0.485320144956
-0.0980052937053,0.0197431626585,1.59184508027,0.370262479802
0.852978939104,0.951672821661,1.69516301332,-0.911925967136
0.0534033498669,0.3725512409,1.52777837427,-0.162447465635
-0.276526931092,-0.842115109252,1.87553603341,-0.455055322231
0.109584787634,-0.383735954472,1.40317664629,-0.096279889802
1.53209185588,0.653570554736,1.17880173094,-0.962464306788
0.324083761775,0.523489711743,1.62860491296,-0.695123517031
-0.120934976157,0.00271901896399,1.22495960631,-0.290634281978
-1.03141467156,0.992099161331,1.2140878207,0.511151737911
0.741800098011,0.896608115129,1.51963366237,-0.652012061175
-0.0757924396065,-0.365567461099,1.49654631525,-0.293419530223
-0.262951705075,0.221776080702,1.258110308,0.436866045099
-0.627207745206,0.68517759492,1.4636310358,0.696382897195
-0.215287766718,0.695509122863,1.6763606627,0.608082371828
-1.64430357527,-0.714314199697,1.06365820568,-0.837316913792
0.940866475424,-0.93011938817,1.77241514349,0.950640674974
0.818704196065,0.928875703398,1.00509388298,-0.284894570611
-0.43587763605,0.622184696293,1.80225771988,0.525795819877
0.17736703135,-0.437137886747,1.51866396726,0.24109125917
2.33997410523,0.974135723219,1.12041914497,-0.82461979522
-0.153538939122,-0.556175101869,1.46426173211,-0.220672369472
0.57665357384,-0.690949073115,1.2305850565,0.391378719667
-1.98582014151,-0.853419870646,1.05763408767,-0.914900990009
-0.513800253828,-0.91273819874,1.46752128814,-0.241698334324
0.713488601661,-0.893909128631,1.60598583486,0.738834518211
0.30006389409,0.656399752766,1.6543342748,-0.64468636912
0.198806707619,0.116851410641,1.58439693025,0.0852849187935
-0.447586444663,0.467488737596,1.73098736359,0.746091926669
-1.92712753858,0.860042824101,1.00286570355,0.756812981154
-0.0336888893408,0.115365345893,1.80859322194,0.125246339976
0.00293774301197,-0.157095488685,1.74267991709,-0.599731292993
0.00141620520861,0.435351365929,1.8285980339,-0.051722851042
0.116335484375,-0.466364419097,1.56473875488,0.132615273575
0.435818822385,0.365392124883,1.58232312327,-0.667173780641
0.125487571318,-0.157191434218,1.46042585737,0.925880051979
0.724143870588,-0.909338436694,1.32883189824,0.327270400614
-0.0478767351046,0.510621986042,1.90255771299,0.117212434414
-0.239348508065,0.0394102028454,1.43187022823,0.85683344207
-0.167854635404,0.566643579291,1.80137878141,0.466467694563
-0.258291636303,0.224965247631,1.00912269646,0.240831500953
0.115118021917,0.553089995818,1.69784501811,-0.275405475785
-0.31763282145,-0.800076409437,1.89414573558,0.296115969042
-0.690242807383,0.524292281544,1.05054741296,0.394146848917
-0.204527217758,-0.574312934316,1.63643551718,-0.306810345354
0.845830672977,-0.979964794707,1.80381704008,0.717638999791
-0.281702147273,0.146095208637,1.61353878903,0.698812172146
-0.809143937463,0.673763519665,1.23945354825,0.647403390665
1.00006641722,0.243660607245,1.06447697377,-0.961995574186
0.068806125856,-0.385154296488,1.83031608347,0.141032686246
-0.545134643068,-0.468735576738,1.67990689333,-0.651516105507
-0.397602042449,0.458408454569,1.76450290719,0.376526742613
-0.0778200390857,-0.17677899427,1.55410995466,0.361157881034
1.26520833906,0.612171902228,1.26577945097,-0.606477484935
0.12673450607,-0.0332518107781,1.24832055086,-0.0606071407904
0.311715797677,-0.353663086887,1.37088022133,0.420427739308
0.138865601863,0.666249965908,1.98387465564,-0.290933907004
0.0528172378137,-0.0771937177162,1.64065929052,-0.333909161681
0.667588799744,0.456045791191,1.35167603943,-0.684392721605
-0.705313450157,0.676588195208,1.08456645434,0.335714635701
-0.637023467722,0.490606954466,1.42719703784,0.7537268169
-0.323186909843,-0.448494542162,1.24714061026,-0.282416680099
-0.116700320244,-0.013201468378,1.30071776151,-0.152033744097
0.452777378948,0.961870777584,1.50919259731,-0.536289421216
0.578411502037,-0.72257003421,1.84158791034,0.789922851751
-0.140157442253,0.203252810383,1.83325722207,0.526997205852
0.172670093185,0.175462706454,1.73117969051,-0.224853700591
0.252780724968,-0.788607815139,1.58851137309,0.301158726463
0.714695857903,0.462547003578,1.15882323385,-0.847997110825
-0.469524475083,-0.634839120262,1.11764204983,-0.172103403916
0.566444486432,0.249164449305,1.07319434501,-0.773214524852
0.521447029146,-0.147299016095,1.29319018458,0.887425191079
0.423121563081,-0.397376579987,1.63740524441,0.986430510771
0.00242339306966,0.479344195128,1.2739877475,0.108566380113
-0.261050239114,-0.0661402615659,1.15124124282,-0.557395343271
0.153552100099,-0.187503522347,1.31942330253,0.498949036373
0.374746903377,0.486103207365,1.58756506143,-0.843265183851
0.812915356723,0.926039096977,1.48942559746,-0.541079122068
-0.0867975023914,-0.363812936923,1.4777876595,-0.323005941974
-0.132782033864,0.197271738539,1.79724933482,0.119545848633
-0.149472223676,0.306275760019,1.5268364897,0.891121698163
-0.343575113209,-0.353900633806,1.60452576162,-0.606584823857
0.324708691283,-0.200830237099,1.70779514758,0.709280586722
0.214365663204,-0.649294904604,1.63697971272,0.258725384215
-0.25442102318,0.495789729144,1.67226247109,0.0542491742755
0.0780464372637,-0.714101687533,1.27241549641,-0.0816193969258
-0.613621981853,-0.657638401557,1.69586568234,-0.678278775312
0.0197596645342,-0.373544420917,1.88439726403,-0.489876197335
-0.57831574776,-0.612386408212,1.30480074762,-0.621790942963
0.718776158673,0.682483518705,1.47541550229,-0.423649907433
0.109161246957,0.211397848163,1.80453994149,-0.403165179608
-0.636571549978,-0.949244038659,1.24634080008,-0.450970417815
0.651873447914,-0.67886945825,1.28396547386,0.598457243941
-0.683631114752,-0.644777135767,1.39065011498,-0.791203517304
0.925884113682,0.362671401519,1.47298518626,-0.973105315526
0.175339180022,-0.571211227166,1.13133054012,0.353597662462
-0.0487262152011,-0.0314916211755,1.39880713492,-0.88007779125
-0.812862454307,0.76555577191,1.08480766869,0.331808840984
0.193356233278,0.599775925793,1.54064807698,-0.726679965871
-0.186803972785,-0.0359679149812,1.22642436473,-0.0684122110581
0.368106547551,-0.148629010441,1.08927506737,0.72596330276
0.478325953132,0.24886365162,1.32056579295,-0.664043651207
0.221247645856,-0.0512187433873,1.93084954347,-0.591782649089
-0.368051844148,-0.180309547576,1.00314002351,-0.928228467966
-0.114691641656,0.69457436407,1.84139382399,-0.0562931610628
0.0494814727964,-0.210342682521,1.77975334498,-0.345918629939
0.243069356435,0.514687216424,1.35273374023,-0.616330725291
0.223201563366,0.418915401569,1.72624535035,-0.409746147279
0.000784844724652,-0.383559350172,1.9665677093,-0.534477724331
-0.0308123185894,0.579860714025,1.56278068647,0.040558787242
-0.365092000846,-0.750644188302,1.75026218534,-0.672807537369
0.16846667921,0.734088060857,1.60711792116,-0.102486214818
0.0860801520795,-0.61010749535,1.95456944097,-0.316783006168
-0.0422549211093,0.177966326228,1.09097583316,0.428864412777
0.0695638930701,-0.166415889104,1.91746923148,-0.376037498211
-0.947929667706,0.807906949204,1.36966212621,0.458261966719
-0.321680754818,0.176184799629,1.58156690084,0.881123578674
-0.407069147342,-0.636100120588,1.72716641236,-0.5877928999
-0.0549401969128,-0.122613358726,1.77514405753,0.20428791927
0.276173653807,0.475562203155,1.61231911157,-0.256205491603
-0.0476476114662,-0.827325368174,1.99863254368,0.146429924348
-0.406034184347,0.758358131283,1.71145765066,0.605100398247
0.57605042628,0.545189835802,1.08456355458,-0.2775676454
0.0229451241016,-0.224601926189,1.47212480329,0.422441142945
0.0415633288723,-0.224904266168,1.94647014189,0.514165296196
0.598549364308,0.914754971994,1.32824535301,-0.394371236209
0.0031418997947,0.697642331914,1.29248712518,0.0626776883014
-0.263821497092,0.554165291226,1.987549473,0.612436261417
-0.207235838248,-0.563281489378,1.17773659997,-0.399913256956
0.725043047828,0.932123998492,1.91724817452,-0.708010989664
1.34785602817,0.901453802716,1.45325736631,-0.909702267965
-0.246152921836,-0.73930650909,1.80705368458,-0.514488555727
0.189652150365,-0.367731616556,1.32902726168,0.240379864635
-0.155949549858,0.0915573969842,1.4271742449,-0.573648556046
-0.256083286745,-0.454782436316,1.63500323334,-0.946442994826
-0.209880803261,0.0579957955209,1.23457246279,0.456100014818
0.772851636385,-0.636625946082,1.35859937302,0.842179806374
0.0947308156459,0.880463938345,1.79926124279,-0.143523379279
0.256917922254,0.22851362948,1.53007109499,-0.65524383229
-0.225803403398,-0.529946285679,1.72295588817,-0.555582206728
0.333501690135,0.274240833644,1.50936809765,-0.449963452942
-0.0914974164199,-0.259108587615,1.3502897487,-0.845552872396
0.0130752259821,-0.936643614213,1.38700148754,-0.0916238428164
0.201219166841,-0.214552554072,1.01600583817,0.0503401095708
-0.118269911275,0.102421829125,1.5219653692,0.317490906637
-0.140378766694,-0.784175838386,1.88251570862,-0.647296460645
-0.412697646234,-0.755695256859,1.88352215069,-0.584868204496
-0.287179102213,-0.383394885231,1.27217429975,-0.869851101031
0.172097536754,0.156790189684,1.71568843977,-0.422857178827
2.21758193531,0.722260258024,1.02915602125,-0.996897101706
-0.256883191883,-0.510779558113,1.75166840813,-0.282343352401
0.30012877475,-0.111876288678,1.72888333912,0.487858173895
0.495282579752,0.560153441545,1.48029941631,-0.659062019104
-0.0319793504671,-0.336145992325,1.88349537377,-0.86126526341
-0.0944534429259,0.0306147745243,1.20071422049,0.0652556787602
-0.294496448538,0.319275004443,1.53321389853,0.175233532042
0.0217817066454,-0.0964523584207,1.94774326751,-0.799278962957
0.279905142535,0.359470770685,1.06572124259,-0.451690668646
0.601875825683,0.830035648505,1.51357923377,-0.504609789091
0.797736504088,-0.648589626811,1.44629918573,0.792792173839
-0.600508374969,0.64342076841,1.82736355035,0.946234795125
0.229696764915,-0.748136183664,1.62347224277,0.293609066422
0.762397127121,0.946091652767,1.07872261925,-0.217368701449
-0.248549182347,0.330308384711,1.61429219576,0.701755758957
-0.0583406577607,0.0917447834219,1.11583433858,0.133160352996
0.378093914071,-0.972780024276,1.99552348917,0.784175052507
0.159950201748,0.67963906683,1.73007905291,-0.370994671917
-0.0299951922845,-0.000423401197159,1.15371485923,0.55012000417
-0.360979811752,-0.0902071307639,1.69115131501,-0.966236398003
0.300613502287,0.627854242216,1.98429719582,-0.236030373156
-0.10181771202,-0.266579972036,1.43871278603,-0.0420281437304
0.0849381374057,-0.370794119204,1.83793047359,0.721235702532
-0.248932191178,-0.0347150797019,1.50493057426,-0.70592999175
0.370195394079,0.454140559785,1.57202663769,-0.739366269024
-0.22416063302,-0.187322657185,1.66162815924,-0.809516728422
0.279311274019,0.748653697612,1.8753700845,-0.62293858368
-1.61445676061,0.909842695252,1.03508114223,0.65175502316
0.274812867599,0.730738094243,1.33302618982,-0.160626623401
-0.459157109843,-0.426880777648,1.797910714,-0.729723026264
-0.1450002243,0.03012798082,1.52658587387,0.859713919991
0.0610907712405,-0.12339791964,1.33205256903,-0.397152432791
0.397205240629,-0.768952626707,1.97197048194,0.396749463136
0.278558752586,0.306281603099,1.12919209134,-0.557236274336
0.207600443888,0.0693938307731,1.23607490251,0.386587108455
2.03196266097,0.721929876944,1.11291614042,-0.979248779037
0.482918662821,0.781797060667,1.96642810759,-0.56842389751
1.68064418704,0.579298368945,1.03065527423,-0.823651644368
0.43546596181,-0.248605012846,1.06283231426,0.603213447376
-0.893089117631,-0.678451918981,1.285718593,-0.95012761597
-0.916959177204,-0.618440147626,1.03268210642,-0.470948584138
0.694845597741,-0.68994463182,1.10479471908,0.291619535479
-0.601108266225,-0.383339454131,1.68359465111,-0.806360698528
-0.566207213237,0.182091743141,1.57412013987,0.91113985991
0.0758910050183,0.280231754768,1.98422173295,0.353131999956
0.408633655776,-0.931446045643,1.99717004667,0.677435037067
-0.474242236649,0.281476026418,1.18515542132,0.618757569787
0.22032532128,-0.227258331923,1.88094534798,0.299747847555
0.5014967732,-0.51536197601,1.00489150035,0.479334765204
0.946564391911,0.442873428649,1.12986271832,-0.825015261321
-0.220044349869,0.0645263196563,1.66383693404,0.36989132593
-0.203047581289,0.23421843033,1.64962757914,0.367930774941
0.00314883685837,0.44854170167,1.76203070044,0.472800419846
1.73837133744,0.953229811082,1.16367708059,-0.696761380707
1.23392460047,-0.632904062917,1.04264730708,0.850575309854
0.449981614988,-0.586508955353,1.84702216201,0.810430330078
0.262953131287,0.0032675850759,1.3209345002,0.672724804271
-0.433216790188,-0.63002602942,1.84793519683,-0.787478674774
-0.163741491456,0.0601908359106,1.23161166428,0.0437270511435
-0.167622336155,-0.152938034238,1.69520354362,0.79045447544
0.193808495243,0.0943958024905,1.93746128075,0.216976079403
0.542067888518,0.581179987796,1.96273453475,-0.840030482448
0.0390110298815,-0.289828754175,1.38477267862,0.175760150672
-1.30450110815,0.68095668857,1.03585863924,0.657867219291
0.689212108673,0.481729680585,1.03982648381,-0.454658333821
0.288369843148,0.488784860734,1.18833701638,-0.1470014697
0.564236631528,-0.930470659578,1.35049401941,0.205424915708
0.186547858675,-0.351853273215,1.70026260164,0.619467185014
0.184343101789,0.35317017584,1.03157300465,-0.488446950701
-0.42071630164,-0.974930730977,1.43701935107,-0.411384332668
-0.157960589738,-0.0255320895831,1.2702902696,-0.707975528753
-0.237651246464,0.612592739562,1.48035366533,0.12026955432
1.9416042784,-0.943753957979,1.0649134541,0.810107483449
-0.460285447307,0.760373612377,1.81409147404,0.456026582513
-0.224272558211,-0.813375568017,1.13388611208,-0.149002726894
-0.541540844306,0.656150768092,1.82941500522,0.51062281689
2.17211778034,0.865297442018,1.19297162636,-0.936671006042
0.103699807842,0.376209410375,1.6461069336,-0.838509880558
0.239250290611,0.694955376341,1.2289403063,-0.0710479455984
-0.138624695193,0.36476082327,1.79124977418,-0.81828556603
0.302253374708,-0.226660801014,1.89153232677,0.444803424541
-0.252682476244,0.0802084528323,1.17873888073,0.899605932161
-0.494751529134,-0.825223079334,1.33019810543,-0.399460049852
0.151747127879,-0.218737674916,1.84175244537,-0.472053378074
-0.543193520701,0.98760322749,1.06938196399,0.204617859879
-0.0493160465756,-0.0692867204458,1.57625782619,-0.165499316189
-0.116306314004,-0.0633870232386,1.00288714272,-0.769851606125
0.474045233355,0.852726439969,1.75606567357,-0.623645343586
-0.099044637314,0.114204616955,1.65948429387,-0.575916223087
-0.0440403159326,-0.295108852511,1.01926944205,-0.297112368362
-0.417541776369,-0.24674490421,1.08572416031,-0.506733088642
-0.0151593760195,0.00641514895974,1.03284841892,-0.5705276426
0.187618128384,-0.223565153161,1.94626568906,0.894788517359
-0.167876095236,0.212926897299,1.70112705404,0.305536865947
-0.40659587536,0.36399713015,1.85519467094,0.805567691297
-0.110042775804,0.0721917169314,1.32083877738,-0.0655293502696
0.963302184956,0.972874264996,1.75170664536,-0.741214546021
-1.16843017349,-0.803613426962,1.30295403816,-0.662363968143
0.233514367989,0.725367896568,1.23196809828,-0.114720471678
1.00820118968,0.516627798232,1.10533721687,-0.578519205891
0.71572327203,-0.73787688335,1.54153736297,0.623488265949
0.444361151409,0.640846805445,1.41782481113,-0.503318346212
-0.598930671654,-0.359539083195,1.08332828822,-0.701798550977
-0.481335246338,0.360396396485,1.15859254,0.446598892698
0.711523163546,0.462780703058,1.13201347635,-0.80202793747
0.347031847522,-0.0455500523995,1.60169981094,0.43795024499
0.245581677215,0.307479712091,1.65414509663,-0.779193112191
0.0361543182158,0.1139184246,1.61630904152,0.0258426843371
0.155526220052,-0.0216439205819,1.63788927981,-0.862461463755
0.0594637558171,-0.246714069461,1.61117255275,-0.175871824017
0.813543940775,0.645333953542,1.31705956843,-0.903386645383
0.533060420035,-0.329258854388,1.06528437855,0.618478553519
0.209174138903,0.729380098211,1.80076800468,-0.404446567452
0.67947577301,0.582589682445,1.19336012265,-0.746653866599
-0.603053707386,-0.523053951593,1.91863852668,-0.933484598649
-0.620141872644,-0.559584731758,1.71204720244,-0.979023228189
1.2688073737,0.796470279515,1.11628996048,-0.667698414437
0.242862215064,-0.428028484614,1.19210193334,0.544473710756
-0.121403231136,0.814937028041,1.06790222379,0.0987024540518
-0.596657188914,-0.620045373907,1.4569095941,-0.770180151722
-0.419190002724,-0.541772277749,1.41093354157,-0.702828769273
0.188427256945,-0.207449806515,1.77259261545,0.432573464917
-0.164346786327,-0.106755611609,1.15689325634,-0.391140863955
-0.209575157999,0.694928133908,1.47496175388,0.162756121059
-0.0898270638696,0.36603471353,1.90652753467,-0.0264321166104
-0.642055721551,-0.614835524136,1.68480914811,-0.925417879224
-0.108800776279,-0.837550782807,1.86096696784,-0.194662005164
0.561771872864,-0.591967456824,1.44005984741,0.770017248991
0.154152343154,0.0784627838082,1.83994355862,-0.70442312343
0.190032225917,0.145118683745,1.55765794724,-0.543862249978
-0.262185205521,-0.666868232445,1.28108701076,-0.208666475627
-0.01502940366,-0.299487141645,1.50645719147,0.0552554671678
-0.0641162839786,0.194182633531,1.23118396393,0.796569919195
1.400715157,-0.728970913032,1.17790041972,0.847180452761
0.0114729009276,0.212361058177,1.75296982782,0.446962496478
1.18197611498,0.855657915017,1.45229425186,-0.921522585542
0.475149367462,0.838259753421,1.32922521126,-0.239348596293
-0.235906041221,0.189357611931,1.87325601391,0.46484558009
-0.202831334528,0.186581362631,1.83278454452,0.592051340647
0.3740549767,0.0181450564599,1.53995836491,-0.852577448368
1.24731318338,0.85406398447,1.42680403072,-0.883410739615
0.0817794438986,0.86678992209,1.0342326173,0.0244310537429
0.0231580536236,-0.296654741181,1.77366531456,-0.346300100861
-0.349618786746,0.561474461885,1.71378708681,0.876632132411
0.892701919256,0.441125575776,1.06806975861,-0.760901665409
0.125588954037,-0.230376881196,1.66470556189,0.797234434732
-0.0875614427497,0.339535726462,1.39277974909,0.139974954166
-0.00802714875458,0.644816202439,1.82325323168,0.278999846326
-0.312640678341,0.245900762859,1.5548362592,0.678541065802
0.349152636603,0.347275788302,1.61746710692,-0.767864466077
0.2322939908,-0.534146590731,1.50172625415,0.334786782951
-0.14027722082,0.215932697319,1.77028790155,0.791355362107
-0.2287707602,-0.974922834919,1.26221631545,-0.163009104901
-0.0752354425496,0.00455259508882,1.24981256217,0.904272528369
0.0459547869667,0.552292527271,1.41515827403,-0.357428743803
-0.0963435220551,0.442995791339,1.69691451763,-0.01200339356
0.474470108787,-0.283699382825,1.75440471903,-0.258760529232
-0.527469465126,-0.937592949932,1.87166628564,-0.797865788089
0.0571919094902,0.0805083299997,1.40034299526,-0.163062869377
-0.455270808999,-0.639608883619,1.97705656252,-0.562710432164
-0.285523501003,0.0209274952899,1.58626565614,0.352708218406
0.293734145297,-0.783934399621,1.93381249604,0.529142198732
0.10764604824,0.207151315874,1.12861131926,-0.143350713917
-0.00280990502813,-0.146728030619,1.11867851988,-0.0280943531637
0.863205347809,0.809839522331,1.57767335442,-0.522535625561
-0.397011847186,-0.732003831595,1.22523371849,-0.24169369793
-0.632180667264,0.607291350021,1.66519055168,0.623179471348
0.400208333029,0.524765427748,1.85386453839,-0.38905200093
0.217062731883,-0.21789525994,1.26425740673,0.897991096026
-0.179843490894,0.393089498317,1.62183859708,0.162338993491
1.3798750228,-0.918658558629,1.18341148019,0.774319428111
0.16101141037,0.470938689447,1.74031823898,0.123474402518
-1.38155576172,0.74211169157,1.24165618793,0.846609303859
-0.0909416713226,-0.0878315555327,1.58801424735,0.522151447325
0.829854959536,0.624389528263,1.48533036257,-0.795899402704
-0.41458963846,-0.466473920529,1.62797685695,-0.591261019101
0.347035680223,0.241007763172,1.53309084881,-0.83914443434
-0.401354585498,0.613269120801,1.51773791384,0.524862326715
0.332830749207,0.903947791697,1.66295567709,-0.399305440391
-0.171286021723,-0.557418619274,1.21321653832,0.00769405236015
-0.486941579431,0.937561483194,1.39456250049,0.131743688992
0.068877073762,0.00381597048439,1.40266877053,0.0088713749192
-0.0185836946395,0.759873053832,1.58323629984,0.311193434174
-0.777090917899,0.865146498315,1.8636399137,0.915917796876
-0.176414192419,0.798874275152,1.78024865091,-0.00514459762619
1.5180111623,-0.691271836872,1.0860697,0.937987809529
0.532877326591,-0.931295032698,1.65765683805,0.724364311402
0.557767792483,-0.406448521174,1.10449242136,0.923391248263
0.351141087824,0.442798028442,1.49812213695,-0.611632500044
1.45650720687,-0.78372239927,1.31654875786,0.983313334496
1.02763749592,0.614674224678,1.55837236012,-0.933903096201
-0.128407918902,0.0412256312327,1.83458052589,0.346936920098
0.544244030082,0.867165681867,1.54813011279,-0.536590760413
0.575579441291,0.591280454427,1.24626591902,-0.458026804291
-0.241795096434,0.344912468056,1.09646541466,0.399123522311
-0.203748926717,-0.549504708646,1.86023616356,-0.304698739727
1.26347150354,-0.868156922639,1.32837610066,0.869394077321
1.16945513611,0.638810826361,1.11177633817,-0.548945040629
-0.154232792714,-0.496854606745,1.99012470778,-0.682569460894
0.136925416011,0.708675006619,1.9486521348,-0.178971273854
0.376231744714,0.825023489586,1.72054794325,-0.321018690589
0.386067610871,0.367768948474,1.09293446292,-0.582090444801
0.246078026417,0.907048742407,1.57890748485,0.149233638402
-0.0756793711654,-0.287196877794,1.4839733252,-0.375801179313
-0.808349981227,-0.832236840274,1.38782738883,-0.819638840083
-0.204039469203,-0.17413578253,1.50307465569,-0.993602530656
0.238199574427,-0.229613254138,1.00363731135,0.0822284894078
-0.864500745509,0.880588637579,1.17541937069,0.338658826263
-0.15292309486,-0.133752017901,1.04301864849,0.218522303253
1.53818841879,0.764375112552,1.2831969199,-0.887030645035
-1.43955894815,0.713325034592,1.03617462497,0.668895860149
0.548348029564,-0.541802343659,1.15435772693,0.533188570171
0.0655249329045,-0.275917088287,1.3275926872,0.201892783534
0.0848495591743,-0.586880434105,1.40874764966,-0.15914039031
-0.406387746929,0.457279594248,1.54301159076,0.159591847975
-0.242023518252,0.0900111747827,1.23733408001,-0.374463316825
0.628284080627,0.948568571051,1.8658790794,-0.825571222011
0.189496525538,-0.0298886403344,1.91086111102,-0.197083285169
-0.0960747075481,0.392269063433,1.97412130528,-0.855539788669
-0.224979316071,0.781815986049,1.63056067371,0.496125440197
1.14854305662,0.847498328646,1.55957188107,-0.909982831039
-0.154115570277,-0.957448884607,1.60367706379,0.0629675918776
0.163084158117,0.327135277476,1.51968305188,-0.287240317277
0.013735474432,-0.0943134911286,1.26169534539,0.337655203635
0.0394274065271,0.171167785915,1.55604264649,-0.952135186006
0.0931740935107,-0.562090246191,1.69633362869,-0.266798328077
-0.363265506503,-0.707994365638,1.60584821365,-0.45473479509
-0.0937794184543,-0.0482338947355,1.84421431338,-0.978721455621
-0.190182933661,-0.320443701674,1.84707697988,-0.215852380175
-0.470683200715,-0.489700612153,1.73616198055,-0.299457960185
-0.836141939463,-0.626566526842,1.52486231151,-0.927460837287
-0.770394131269,0.337859314647,1.07499602558,0.899844303576
0.263102817694,0.202726858393,1.5273900753,-0.583592726195
-0.699121095255,-0.881204265636,1.21250775028,-0.412929901053
0.207041302976,0.336654903471,1.60593972673,-0.289444761997
1.70379185236,0.995208511593,1.02727771744,-0.420333246797
-0.427974228463,-0.28571660808,1.22892401039,-0.853762321264
-0.303696342484,-0.334096393526,1.79731652827,-0.881695414915
-0.173228473465,0.683793043452,1.64650358499,0.200223618283
-0.433401291208,-0.969843237431,1.97036851151,-0.838787134239
-0.116292597401,0.0406334922482,1.30088714173,-0.334962542045
0.125082495951,-0.0365038149016,1.45864079099,0.793253744032
-0.55811900969,-0.510108243871,1.60867654869,-0.754028962655
0.0357284394934,-0.156472039667,1.14123744871,0.66124111054
-0.640773470798,0.882378311976,1.2642611077,0.488694043125
0.974691490036,-0.552814142582,1.22977563233,0.951740906744
-0.125440404327,-0.152582236548,1.549464934,0.461849963356
-0.262407470189,-0.0723910067949,1.11380605923,-0.437825705871
0.435226090317,0.675939239132,1.97738396173,-0.565543093545
-0.649413700674,0.881992786788,1.76522778736,0.867295573267
0.16702387964,-0.293529527063,1.24560362342,0.46577025434
0.629080641667,0.737006473211,1.235123552,-0.340885359504
-0.141285687641,-0.0620133802449,1.68809997717,-0.583961709298
-2.57637992454,0.871476978019,1.05603878357,0.888100761361
0.475562680718,0.846954170494,1.42593090774,-0.265676327848
-0.0733527292894,0.119638461386,1.18194089764,0.0383356669381
0.544989773727,0.751428064137,1.12513226766,-0.246043542131
0.611135383242,-0.368670038028,1.13110312166,0.635163824978
0.123757275442,0.0220018950624,1.64413543094,0.537441919323
-0.570668228552,0.656912788455,1.57912587285,0.519367444538
0.417098124354,0.995237808123,1.55576704145,-0.256626076337
-0.411175529688,0.90414284301,1.64467268389,0.350253809114
0.455023025348,0.738939789713,1.68473569908,-0.384600025411
0.777007299452,0.581374989319,1.37481813846,-0.362489707608
0.466904239864,0.306234041183,1.22132747504,-0.669045353639
0.357718237927,0.81000354942,1.85722469609,-0.406888276282
0.396342701808,-0.478885414997,1.41892445888,0.735780743902
1.30164827369,0.85469618791,1.23820327108,-0.589800535784
0.165171875858,-0.0783409476483,1.17326541188,0.685442237911
0.687130251694,-0.665481754218,1.54953376424,0.714941527043
0.102508286787,0.298707548007,1.68794967846,-0.142251557255
-0.250986200853,0.263732509122,1.95674847779,0.413852099476
0.611361383589,0.2633151371,1.05420374936,-0.812794518615
0.455754675125,0.831170944362,1.94956243392,-0.715368167821
0.177407882043,0.328648622285,1.62743187626,-0.119782734669
0.222311718094,-0.855439436502,1.81951716245,0.204542907838
0.585957721995,0.896667499706,1.36410506191,-0.287521852022
0.145511239039,0.0190891892599,1.33202701297,0.194884922718
-0.000804111082123,0.189479900888,1.69057907114,-0.480171811592
0.0800165442174,-0.305079427722,1.83865563503,-0.316809039923
0.170303701256,0.033404335764,1.70370209702,-0.15717991706
-1.78946578836,0.591576031645,1.05123090299,0.89257491997
-0.055034983467,0.15209870252,1.30600460036,0.246361164856
-0.643640998692,-0.242409244063,1.02393730682,-0.749001955831
0.643119290467,-0.32383063212,1.51669808824,0.932758503022
-0.147287770932,0.0456007737486,1.56192892792,0.345853903435
0.398397175233,0.540111552292,1.79670805682,-0.275398789252
-0.27478923022,0.105440756032,1.98258758196,0.148700746184
0.414642696583,0.809575577002,1.57809079961,-0.438984377056
-0.333997011232,-0.824772211749,1.24012069964,-0.228743711128
-0.472198113883,-0.266117307202,1.3247375295,-0.574217249193
-0.0968318548278,-0.572456635424,1.7697874038,0.197250759569
-0.157129211556,0.287720428327,1.87927142261,-0.460527759464
-0.188223941101,0.513362195351,1.79255236125,0.385938596997
-0.0850498437314,0.623423988185,1.08864687586,0.10607181422
0.315513325485,-0.789233958832,1.91482950859,0.442294703179
-0.0638511890548,0.366714468402,1.87004862176,0.888484941941
0.259677092486,-0.501554335652,1.67203576807,0.15889458253
-0.0237680598056,0.267814088884,1.89585617802,0.403379589103
0.244345669285,0.316436425227,1.37162048499,-0.330179161436
-0.397480069039,-0.514590719396,1.38463941174,-0.217150371871
-0.222380706139,-0.558261899594,1.94823843363,-0.161873519604
-0.00394254111672,0.250117817902,1.3191022981,0.144985204481
0.252508737568,-0.0786172228268,1.24053800242,0.250245467353
0.432163156809,0.560935407322,1.90332283628,-0.997521601216
-0.0842948109761,-0.0433145361193,1.40866061279,-0.127651745309
-0.567619183971,0.212760282913,1.24048402511,0.802895880263
0.211038952391,0.186257393348,1.87227794542,-0.533802651826
0.37364124784,-0.109042178964,1.2075506802,0.00701173916735
-0.549305115755,0.49449755903,1.4624787277,0.391073328071
1.37681049406,0.849490393706,1.26885928208,-0.82703330666
-0.255024043404,-0.49291756484,1.70744672967,-0.949997418827
0.580249348453,0.901878557425,1.35216380671,-0.272655719123
1.26108435178,0.836686478835,1.38872092119,-0.967086902598
0.221690448957,0.766505541585,1.35945564273,-0.112607983149
-0.620991056501,-0.407113470397,1.36852243783,-0.955942155124
-0.390241574401,-0.120655718926,1.75128450845,0.039658651649
-0.37538053121,0.261022551256,1.0788830213,0.422155884601
-0.0205894867297,-0.572808207929,1.81147958557,-0.0983625270691
0.855009874556,0.682818843393,1.02318452403,-0.49939989748
0.331518779921,0.201831827091,1.62827812928,-0.881287046177
0.563590815672,0.879460857208,1.03010155153,-0.321598441657
-0.000123461926797,0.694864960641,1.74601484233,0.353276224668
-0.324236709867,0.894025728472,1.9893759694,0.0474948055856
-0.059424938433,0.145960109393,1.4659190523,0.392652056554
-0.338877768238,0.303507270207,1.21079870519,0.0767146970646
0.663636924657,-0.34569598809,1.50885569076,0.475089534784
0.101164201559,-0.468945664476,1.80093927809,0.550050249422
0.955088701914,0.885379893745,1.36642131024,-0.531609354675
-0.125115207073,-0.347598399844,1.58143162248,0.173882783353
-0.021960745311,-0.776670759146,1.41746320599,-0.26305629862
-0.833356217625,0.546486291543,1.23181324711,0.870407173653
0.2223533289,0.232491233042,1.15568260334,-0.575557689407
0.428629015353,-0.530829297426,1.17319297704,0.447608809747
0.251815868442,0.278467146416,1.56883954726,-0.282652362685
-0.208659286792,-0.0212552947994,1.38037750012,-0.679502209717
0.686645374282,0.703609421217,1.5650532587,-0.634686816734
0.399988786441,-0.660468303447,1.52323463967,0.617257040168
0.207971254474,0.686509965213,1.5956775675,-0.412816446684
-0.134793654061,-0.609159493921,1.89243278665,-0.650178087966
0.148718416676,0.486869711331,1.45880845556,-0.298499801477
0.0774647715126,-0.0300796870964,1.99053162136,0.0102829724449
0.198925852365,-0.0166149779079,1.11029641352,-0.210563580274
-0.298592477399,-0.283033336621,1.66599932534,-0.580737878849
-0.117560497804,-0.759909737927,1.48141396365,0.068961686822
-0.419219388881,0.578424193509,1.84695814123,0.861792133014
-0.884992315073,-0.931164283798,1.23889792844,-0.372821370582
-0.288593680257,0.648600189505,1.03957527864,0.146786330608
0.249139519898,0.255964756751,1.82306653316,-0.88798188662
-0.378958602809,0.814731154806,1.31554028737,0.436719031487
-0.375055812727,-0.269464440517,1.09850199135,-0.639957371968
0.435515345697,-0.557131077764,1.70511179487,0.454556928389
-0.0935405335815,-0.715678999812,1.61513027297,-0.5819502534
0.616106728794,0.758804374929,1.86380065736,-0.542374966937
0.0179728779543,0.0418267730527,1.50343525486,0.888679535835
1.03559076797,0.435489017663,1.0030862052,-0.591613323731
0.147505361761,0.268895433154,1.21574076346,-0.630827852058
0.461220580652,-0.736270453756,1.63260435152,0.774884951819
0.141620277128,-0.222257964822,1.19744414166,0.769393142071
-1.12905535941,0.730006968942,1.25878746414,0.763852892392
-0.461320323321,0.873760819162,1.11293782142,0.119358783703
0.135570492644,-0.449490701139,1.3234265666,0.422097334
-1.11517320812,-0.958212123024,1.46259095728,-0.920670828457
1.54335455225,0.897801537431,1.20832703316,-0.85703493407
0.808962919649,0.989707679634,1.19059986992,-0.504333575065
-0.0439731977699,0.78850885157,1.84832552197,0.182242845684
-0.74780280018,-0.497374986425,1.41364185157,-0.72061184093
-0.338619088997,-0.255356586932,1.36719456003,-0.207425313081
1.82188396904,0.903823989608,1.10033207091,-0.726939912617
-0.506219353563,-0.368802810861,1.1649801824,-0.620275973494
-0.116495437139,0.133034739314,1.04750984801,0.598743000537
-0.0796944912132,0.469276302797,1.91704640567,-0.16956521485
0.0935430991434,-0.447809235375,1.05168691278,0.111078466813
0.0231711488016,0.136900166589,1.56849979711,0.0671086475819
-0.361356842017,-0.307957137893,1.88197169647,-0.411789024303
-0.0968158533215,0.0341119223999,1.9902457758,0.867091227213
-0.299358928911,0.0941808960982,1.64755752632,0.486857995519
0.346691766263,-0.209416784948,1.55037297296,0.928071989923
-0.12090262365,-0.0247150949149,1.43984116031,0.827279366674
-0.300632449132,0.6887750503,1.26318570221,0.0219381258704
0.285890316439,-0.305470396851,1.45184501971,0.471815129962
-0.457300779267,0.489115530233,1.50336990233,0.873543113068
-0.720304759638,-0.958346326938,1.27641866217,-0.45509881081
0.821698995113,-0.738169739648,1.28551327358,0.623606289836
0.637146822342,0.891862472567,1.42945995004,-0.369142761453
-0.144290615347,-0.00530857564557,1.39163494708,-0.307607956207
-0.376225815174,0.889689399642,1.67812472379,0.397226982105
0.431587127075,-0.619918359093,1.8480342788,0.585756088718
-0.383046005797,0.429025290672,1.17868238189,0.108062872812
-0.493755565517,0.64726573674,1.94508969286,0.64865822007
-0.563001163616,-0.745578305976,1.65588958357,-0.82682951998
-0.241943536994,0.25401689262,1.19431740885,0.300394903122
-0.424717768237,-0.464963240835,1.44253456846,-0.797797971415
0.718786803048,0.545415401235,1.38994212458,-0.779495430678
0.818647994567,0.797682641862,1.28747089629,-0.496050480274
0.473841688301,0.832787960417,1.90054302666,-0.981637787684
0.192188557279,0.170979551236,1.88356841112,0.0341341966871
0.292086023227,0.0319093486818,1.40541144654,-0.769757571222
0.728303067154,0.720636045476,1.60330269219,-0.724221853437
-0.40143404934,-0.663808281025,1.78198758899,-0.47171836206
0.16953626283,0.531260573516,1.06688973395,-0.0890131492552
-0.00150593867938,-0.169304774333,1.58275391262,-0.777079675037
0.110393600576,0.102300330412,1.90757270118,-0.681801699314
0.719878944828,-0.907824090406,1.51093233425,0.661773293643
0.459374310629,-0.655186643795,1.33187341525,0.326163294364
0.840004138294,-0.313720551009,1.12832612812,0.828945860997
-0.073429856418,-0.705341084985,1.66721946426,-0.383772326548
-0.269608356032,0.721772141556,1.58594919781,0.525856960488
-0.0634135929783,0.0758306926698,1.55345827827,0.873877758042
0.477346797439,-0.991021192604,1.77072472553,0.562913905772
0.583570348838,0.296545522252,1.31886833799,-0.979728000087
-0.229938053012,0.121139077953,1.72716935162,-0.137231179806
1.16360403642,0.984625417474,1.12406215193,-0.482758096711
-0.329264737993,0.35293859495,1.77717936053,0.841722563896
-0.453814654957,0.769930696931,1.51156594557,0.832364512023
-0.0630092969899,-0.885878416345,1.89415003953,0.185452738709
-0.110635515344,0.834246335647,1.74226798186,-0.121716114168
-0.0397848779544,-0.682970423281,1.77527275422,-0.138083097418
0.202152829893,-0.655415851098,1.34939270698,0.203640238315
-0.134310111827,-0.187219135206,1.99901043095,0.957695303821
1.50764621517,0.825715690425,1.08322425941,-0.630328102954
0.10397426852,-0.288889795513,1.6643484374,0.835570445218
0.217490986008,0.335364215108,1.83806453166,0.576882090655
0.0140459839766,-0.349304966233,1.68947346365,0.504783904484
-0.100806404845,0.248321299277,1.97827561857,0.87611255391
0.467323985379,0.650211169375,1.22433311115,-0.457004549611
-0.416284307767,-0.148988541939,1.15096069101,-0.735853836944
-1.68868786625,0.951269693989,1.10673944398,0.708097888164
0.100128597227,0.87158936977,1.55158519469,-0.155429474647
0.574584966362,-0.599753624225,1.36704556882,0.698011924678
-0.18569688199,0.391992234987,1.25461372324,-0.0412952565607
0.237255867955,0.642926768898,1.75146476432,-0.371730225591
-1.16547602966,0.885392842379,1.24087673179,0.791660239269
-0.12280772751,-0.00591849387492,1.87715178076,-0.2839089246
-0.378453965652,0.840621051312,1.75420675246,0.366563359983
0.051825960089,0.421402060819,1.94298447945,-0.189423546792
0.0201926987362,0.0349529817115,1.57885516313,0.0151900147445
-0.592657724755,0.373509287453,1.4059391794,0.362840408076
0.265655025225,-0.0381999276912,1.90125119939,-0.677421892281
-1.16800534771,0.983548291701,1.57502412091,0.902093989861
0.23000164107,-0.551118922656,1.6679949516,0.460805763455
-0.903948549114,0.875051344492,1.37211268764,0.660227175463
0.885570097223,0.349036671717,1.05369142685,-0.988285390655
0.412765292611,-0.922377485648,1.59521997202,0.461111537808
-0.124486375231,-0.0449560824717,1.11742562106,-0.327056497634
-0.0743280894442,-0.301205217287,1.90644191436,0.957891909736
-0.260020740906,-0.465796260335,1.48165283127,-0.540494437148
-0.97942346157,0.96939111238,1.89967260081,0.867172886957
0.618578682254,-0.578043395102,1.07968979909,0.511491591368
0.00979614777301,0.184185546367,1.21948152435,-0.583124599194
0.000699764760319,-0.567333895216,1.27869415716,0.064055049326
1.13919405011,-0.915287446748,1.067445557,0.517073076843
-0.177192801679,0.293432957554,1.76787876754,0.96572082012
0.958356857243,-0.592446411165,1.32712199104,0.900996370811
-0.0437620784501,0.00659589114947,1.61509302454,-0.78935778999
-0.38045504617,-0.230349702862,1.78882246682,-0.918735942772
0.0926024157433,0.338892187969,1.71604892086,-0.724900508785
-0.0541635385033,0.358707447156,1.41665287092,-0.236789864695
0.241369533931,0.583270758458,1.83516573605,-0.743881621958
-0.350584253978,-0.55742250244,1.95327243536,-0.51849762431
0.183253660382,0.0223919644346,1.81557660752,-0.867564782733
1.24485660048,-0.923055412185,1.25116104453,0.660933966494
-0.58745939245,0.236600430924,1.10464412365,0.993915730269
-0.025858211312,-0.0881083689375,1.69008285699,0.334029097132
-0.397183341885,0.255682073083,1.25614576004,0.944369741813
0.513788699572,-0.854463705953,1.31414050389,0.404042318486
-0.734108221084,-0.400222062576,1.23856883826,-0.584672856119
0.188825583552,-0.205362872231,1.64970243824,0.473321773393
0.259683343052,-0.331740083274,1.52662816832,0.085710652347
-0.224773944699,-0.40054673077,1.00239838507,-0.0930495077545
-0.103932142854,0.161984922084,1.73576903777,-0.0796360434149
-0.0268723007148,-0.99192598567,1.92827936336,0.194637233687
0.0351890327854,-0.25883371465,1.66528606936,-0.169175482766
0.653226439023,-0.666250758221,1.77839869756,0.96157787491
-0.0546516033995,0.7954165661,1.82435283633,0.392998178194
0.294149281806,-0.236499891719,1.35040965795,0.692784959151
-0.338010522753,-0.591637355099,1.49516867622,-0.569650418113
-0.718579489259,0.757920468726,1.71758029785,0.643269900777
-0.0406917987839,-0.0279222263377,1.02275167513,0.476394287042
-0.332537393808,0.333342240973,1.48467002184,0.268909731011
0.00173496648981,-0.492220942483,1.72937697531,-0.176134782468
-0.993134060796,-0.803121042766,1.51297093798,-0.985941571883
0.139008788915,-0.609968885382,1.95801296763,0.315678567653
-0.515229619769,0.378248861279,1.5866589664,0.70638341827
0.932970962427,0.597766388977,1.68346702139,-0.918216876236
-0.152732139105,-0.476237518935,1.81590605703,-0.935153910972
0.182971596448,-0.37352369069,1.46864181702,0.804647704027
0.372740490809,0.608798681835,1.8430195168,-0.635666847252
-0.650473095013,0.927126642047,1.57429121828,0.238324249923
0.735764004073,-0.589277534109,1.34544802597,0.866048609055
1.92882917213,0.899908127787,1.2325388367,-0.990639569825
-0.0388783963869,-0.0539690385189,1.19205054927,0.487424239352
-0.0134882123596,-0.0940569222521,1.86380901229,-0.0632175753996
0.158823017089,0.0601315427027,1.25285276369,0.654379176085
-0.262846471135,-0.151441954454,1.59448659917,0.463885456287
-0.103153242849,0.0734664380016,1.09498688825,0.94755072756
1.18989921774,-0.673246665575,1.00497811713,0.661656548875
-0.182216678232,0.0250272168547,1.0852300825,-0.251673023372
0.0648910664324,-0.98204297739,1.99727810142,0.0620478655286
-0.609688878955,0.718693743573,1.74519544065,0.505253171553
0.0144181904411,0.0273248060751,1.64309144737,-0.709263604074
-0.0500256175833,0.0841954720652,1.72136225224,0.385308345957
0.13859862598,-0.496806494022,1.61417573464,0.373502450173
-1.15304158961,0.890592351586,1.42018941273,0.706265181401
1.3873231946,-0.797175731449,1.04269048141,0.65569068055
-0.00116603503246,-0.443439484762,1.8248114417,0.714307853041
-0.015842328605,-0.208283245708,1.08473136498,-0.347970167902
0.272204721574,-0.117440039942,1.58664310545,0.185597912225
0.389553647345,0.318141414493,1.51194393504,-0.346077659308
0.527609122114,0.687918679085,1.81445447775,-0.596949257084
0.0595027404755,-0.0658514580491,1.15314131687,0.720419284509
-0.0808655922262,-0.345765826388,1.14829182966,-0.12045152185
0.406100882178,-0.472712549496,1.43614297792,0.893013852242
-0.19748357894,-0.121358586428,1.24464795153,-0.409364571912
-0.320772413292,-0.419028860941,1.86414907716,-0.538673170703
-0.237391293754,0.018356084237,1.28688737857,0.497123448498
0.764477737078,0.70962368795,1.48377977393,-0.793520724994
1.44198402845,0.621650460644,1.16169079525,-0.640783927803
0.395735903846,-0.20288531329,1.04301408244,0.695385553576
0.233310678541,-0.0835450886582,1.20982512017,0.852794805633
-0.176191901436,0.260572641429,1.98664888655,0.115609878651
-0.573524112637,0.242761962318,1.61510736682,0.86841875712
-0.0686177654982,0.132474462247,1.84369492726,0.441999293636
-0.22886812736,0.879538613115,1.34616546866,0.215899165774
0.0609409194843,-0.360258416877,1.45932052418,0.0786936009583
0.949120097829,-0.913922543778,1.25262346986,0.602722029877
0.346277637501,-0.217895447095,1.44068499694,0.701807786001
0.0685358705222,0.0070183947204,1.14228425451,-0.934715297347
0.263272537324,0.2469435229,1.46249342868,-0.791698436234
0.420960052025,0.933489364494,1.72579780129,-0.337086865806
0.642633391016,-0.792543632428,1.37825017373,0.59286532468
0.181527130319,0.215306736359,1.24920696617,0.226896868513
0.0250877412651,0.327505574196,1.05892123032,0.507977729358
-0.303517303579,-0.60419842748,1.58427581069,-0.574587678284
0.876180542317,-0.596669138666,1.54153304464,0.517356653873
-0.257961487072,-0.774440905069,1.75722062057,-0.451153036535
-0.47977280468,0.33361269772,1.79472054787,0.989032620977
-0.0549262922186,-0.299828486214,1.21933179322,-0.0781553606357
-0.00827423606865,0.202742066216,1.77368122098,0.491537246108
-0.672732376338,0.889291174438,1.60085416627,0.937145712974
0.270152286213,-0.605394464989,1.86547927874,0.355711070289
0.899598808486,0.722822168358,1.38382433245,-0.63478329682
0.0167019695969,0.0663899384016,1.58402431943,0.375302902825
0.778804800836,-0.549093915498,1.09107405449,0.695277912063
0.150528238305,-0.00344910743009,1.14098162891,-0.087169828142
-0.583769071991,-0.82731462093,1.92992095005,-0.751506681029
-0.310599092026,-0.751170267101,1.40756397106,-0.278869005373
-0.456411508888,-0.641090260108,1.34758415301,-0.01812925418
0.156943835912,-0.986571967303,1.92128651696,0.136496296801
-0.328198515039,0.896003501105,1.98671078992,0.590631026677
0.726363386102,-0.889778344835,1.16072317143,0.40478741949
-0.70381543881,0.608487098608,1.40994271997,0.320170253833
0.716910719628,-0.45990034597,1.09010115075,0.676906635399
-0.199683669662,0.801646529371,1.63935430051,0.341922255361
-0.0572824142987,0.489117094121,1.15588101828,0.234539074147
0.177742636214,-0.385913015711,1.18356235971,0.328751364451
0.568752508523,-0.964749549077,1.784460423,0.385479391561
0.050128872206,0.42269282259,1.39383146298,0.476400970972
0.0907928023016,-0.464564802132,1.83647286292,0.444717773132
0.304015683176,-0.423600533867,1.80609730297,0.980106988862
0.464410854388,0.690055092382,1.4719238145,-0.388624994453
-0.204510286704,0.101621228463,1.2130735303,0.796804026978
-0.774640735948,0.616356375907,1.36356095218,0.446925615373
-0.146420769094,0.172535371974,1.90103557696,-0.261551097809
-0.336798421319,-0.456108878329,1.64610668968,-0.178027692432
0.838013619704,-0.609036504547,1.26994888433,0.695310679682
0.13763039288,0.166218225323,1.18292574071,-0.492805498299
0.0523654863404,-0.62741048424,1.80645772672,-0.306880856201
0.416195158668,-0.607798322117,1.24351704399,0.34791374947
0.0490219800354,0.167877493777,1.67287022461,-0.0718808735853
0.00963482377619,0.363328638661,1.64394526739,-0.092499516288
0.909871821355,0.798708253464,1.41750428051,-0.857821971027
-1.55197280108,0.711397069827,1.08847304382,0.754172726998
-1.28109017183,0.715909320165,1.10696871773,0.722206237466
-1.67636526506,0.870745115294,1.15716075392,0.799857722893
-0.147630446244,-0.659056593459,1.22533100955,-0.205796268064
-0.649184403807,-0.757315809649,1.29093050245,-0.217968390726
-0.0147023729128,-0.550854251295,1.37378323452,0.20564615005
-1.01867312595,-0.602292724145,1.17648922735,-0.752242124609
-0.290091981366,-0.570346187108,1.78212053841,-0.730005090358
0.301114055103,0.0996316693723,1.2763970393,0.211208067526
0.0195536629084,-0.292077647623,1.93716747369,0.585249828039
0.103604644447,-0.696861220503,1.1847824833,-0.0290121709967
-0.0429130172697,-0.68019349597,1.368755309,-0.0757026357436
-0.206442764267,0.311388564365,1.86110791464,0.830712060499
0.29304325286,-0.760120334239,1.17024976783,0.11980051534
0.259446067529,-0.101356390577,1.27001373894,0.177350193385
-0.111728179263,-0.534914711089,1.66608518137,0.264436431638
-0.13414514171,-0.742117101429,1.60694688409,-0.335586040955
0.073320298366,-0.180547199016,1.23152073902,0.208758600693
0.181069485907,-0.92015305579,1.15922243147,0.0314514658908
-0.115407790767,0.740108131626,1.86670563309,-0.0977574181559
0.0220302525191,0.87585650673,1.29809351721,-0.0601622393686
0.27251946346,-0.103329595057,1.35189980673,0.750936084399
0.281087406647,0.714656994537,1.58809539373,-0.485617300287
-0.152627090448,0.636539154623,1.92934749306,0.503935068768
0.745703808551,0.690684850317,1.69968099246,-0.764829827618
-0.199282169318,0.801510633651,1.79021125718,0.438135161056
-1.30307684761,-0.863080875102,1.07918706022,-0.522501601667
0.326162788366,0.227791128375,1.57875924133,-0.807127659109
-0.603192641899,0.616016088801,1.52690543336,0.608669542666
0.254835118355,0.7518237558,1.6376713168,-0.160497459187
0.606867688873,-0.165844835147,1.29132046101,0.815852752746
-0.280139673133,0.321394855535,1.06659332778,0.54930642853
-0.0207611253484,-0.638424874898,1.81335262501,-0.496130118065
0.058290602565,-0.388692060894,1.41260363283,-0.0330408762255
-0.141864051282,0.277991037168,1.98041743181,-0.382941277281
-0.018701145035,0.692700429378,1.99761380594,-0.0444555111216
-0.426093684563,0.70968614674,1.65520308967,0.687938646523
-0.411550080419,0.491378814695,1.70640388349,0.597196748222
0.265845252963,-0.954074630775,1.02445052456,0.105329442161
-1.24983347891,-0.832387281929,1.34049830964,-0.957509308109
0.645337451149,-0.770887772261,1.58867607923,0.460571847628
-2.00848971593,0.920386322574,1.07339431328,0.816829835407
