-0.231994555629,0.611311938771,1.26315247243,0.535743839933
-0.891678419759,0.36199866148,1.06344747398,0.697978939413
-0.0392223270209,0.0171355875224,1.79969804479,0.267772040742
-0.250071299887,-0.970077711849,1.59353846937,-0.112328558347
0.678080791111,0.596220150952,1.81492059159,-0.49987182262
-0.120751802377,-0.787803621322,1.9535977328,-0.668896397398
1.08121854154,0.482937238989,1.30159597047,-0.677201046848
-0.0157409859652,0.0290968474435,1.66653840033,0.698392346694
-0.500208406169,-0.808998600965,1.49800970549,-0.377193385485
0.879410796434,0.822666044146,1.65371757694,-0.604161611388
0.426549428897,-0.579875304088,1.12469005779,0.312890364862
0.356925060668,-0.0506911935311,1.55950779661,-0.755049940062
-0.952721468854,-0.803035989228,1.00224841914,-0.476464837782
0.119716837226,0.79966031932,1.49571445157,-0.244265843876
0.2073012364,-0.151374238705,1.788654789,-0.107740921792
0.788898599811,0.9727835668,1.30249691808,-0.449628565598
-0.109508032594,-0.188296717184,1.73873069186,0.653320983431
0.164371951282,0.164126933951,1.71168926772,0.656616400295
0.223430341983,-0.0853531618314,1.4276893342,0.945336576642
-0.405121438645,0.807021948369,1.97135647991,0.213699183955
0.211254568517,-0.538705398582,1.817325661,0.857142664509
-1.14880568389,-0.87913404638,1.2195855849,-0.746123172855
-2.21736593222,0.947278369744,1.18991679124,0.895235222433
0.601838721487,0.675543386056,1.95686454074,-0.538969988242
-0.796208248051,-0.937428096572,1.59758328041,-0.282975656464
-0.17425529979,-0.128833942585,1.12505314095,0.66785648602
0.265838757693,-0.52788793202,1.58458635305,-0.337442184445
0.706639092187,0.413543250451,1.08085220809,-0.421778591454
0.40840155798,-0.307341916434,1.43522932951,-0.512716095515
-0.0480784600734,0.227986206974,1.25549045264,0.151536880763
0.329172796242,-0.627531072451,1.67860758379,0.70860316528
-0.290116374592,-0.992756336895,1.09433409567,-0.0165319322407
-0.507194111298,-0.158045718152,1.10180991448,-0.268144252948
-0.701383919858,-0.574840919827,1.06817481482,-0.571102571828
-0.446374719218,-0.719649949912,1.92542375705,-0.725286243883
-0.944720085941,0.968931464838,1.48312204267,0.977330348297
-0.342299016255,-0.522156303982,1.7687621834,-0.94483039996
1.11613587353,0.38789958735,1.14776270125,-0.94328381438
0.00351070802666,0.785312276411,1.47892866001,0.136892126422
-0.56763695067,0.0100202836654,1.95322346483,0.398596440528
0.0860219261815,-0.670654487401,1.93634486329,0.577920060583
0.595689065343,-0.273423318092,1.92658474093,0.93871076555
-0.570439379828,-0.804812391107,1.86798219621,-0.749964824976
-0.000860510508551,0.0467021028577,1.12728971337,-0.634967217792
-0.411614689843,-0.255741754554,1.46989692578,0.0948728811944
0.247805155249,0.199222382321,1.81323994375,-0.2003800939
0.171186609992,0.860664590251,1.53715096201,-0.444470134765
-0.0480690184976,0.340474481309,1.57089763544,-0.295389501378
2.27390006592,-0.868067893795,1.12446358232,0.910164179401
1.77030276791,-0.544070852557,1.02841279817,0.9518704582
0.197998872854,0.384781222202,1.74047524131,-0.878105274115
0.178451301938,-0.281699618204,1.12943062292,-0.532365649554
-0.130035747947,0.645264746528,1.74518398654,0.532551579117
-0.59265699237,-0.646852526215,1.81877607693,-0.974654353159
-0.365112395266,-0.63003357767,1.2135778437,-0.109323764242
0.596008443217,-0.971474541519,1.37677253468,0.325029376494
0.8881142645,-0.393577402109,1.78492438729,0.992054282512
0.138613453563,-0.152368706241,1.347251502,0.980748896343
-0.128604689521,-0.239548304266,1.57535935856,-0.114754063277
-0.0843093792666,0.102037903575,1.89500103204,-0.0515978839387
0.189962719665,-0.662853947065,1.97943722869,0.762674124222
-0.478084189614,-0.60611477608,1.97087983211,-0.7250970488
0.44501907984,0.18692724881,1.45410100044,-0.836625002281
-0.096542856089,-0.250095372702,1.3800442925,0.154794775403
-0.444394160695,-0.386665647899,1.50120598183,-0.835334848375
-1.29857010412,-0.954389122187,1.30257631054,-0.687916403754
0.683189068729,-0.527428475423,1.16696761442,0.738110943576
-0.533907295213,0.926061628062,1.45694010523,0.557841698617
0.0341677723256,-0.308200651044,1.71247787434,0.90469241248
0.243930034986,-0.058094331984,1.11442104337,-0.991415919736
-1.34103192722,-0.884585220253,1.2172321076,-0.74925520914
-0.283272186202,-0.110011044558,1.20250235077,-0.403357896709
0.256174767276,0.962820164199,1.91137437754,-0.291075736686
-0.486620373967,0.758679050703,1.38877669561,0.303535948293
0.700671300053,-0.405576605493,1.95866766831,0.740669844123
-0.721253477544,0.523097955819,1.23609155199,0.584104439576
0.101472835884,0.822080360724,1.20039188119,0.0944451592902
1.20703662267,-0.687818311075,1.44856162213,0.798416463247
-0.194515041675,0.779604018661,1.91553061272,0.740773138347
2.3152092404,0.986739454769,1.0540118307,-0.789084222577
-0.139163512895,-0.290448292249,1.295093228,0.15146666243
0.768330287767,0.494994521447,1.425713352,-0.66796726418
0.530598193582,-0.60560703909,1.64812551095,0.0997032070505
-0.431643684538,-0.759439010189,1.36300560729,-0.37468982772
-0.45173852812,-0.0868391443328,1.36864923886,0.657813497631
-0.160166421672,-0.490896614033,1.92495741558,-0.242545972328
0.464514713354,0.789000661233,1.38285388191,-0.417975963222
0.462822680854,0.220106513771,1.73114927611,-0.552744457855
0.570534298934,0.342475276779,1.82761954738,-0.657208778468
0.264907837791,0.276607550508,1.78393356869,-0.729768953278
-0.526964743946,-0.832463810413,1.1173452346,-0.254711155196
0.839282285822,-0.615370109205,1.49888291068,0.705602301317
0.175138308463,-0.370915020588,1.18919372913,-0.338778553294
0.222753922517,-0.311733365729,1.40550431605,0.272288211023
1.84454595475,0.820776134519,1.08818289353,-0.825237369611
-1.37816723075,-0.888404483255,1.15317331851,-0.78009807024
-0.0310534601224,0.32713049073,1.96585431779,-0.103612528284
0.0762478825489,0.457482203492,1.8722691852,-0.262944553171
1.60590653859,-0.651560242881,1.09290556696,0.951294788159
-0.430064093521,0.734449571416,1.58894607624,0.187433906215
0.560257362891,-0.631705018118,1.85903035687,0.922797949709
0.263120489491,0.773696046305,1.32842533662,-0.373867651426
-0.358969897527,-0.705738897901,1.41233422628,-0.243160249442
-0.758358744265,0.681986595246,1.01631209888,0.341728400791
-1.39078343492,-0.941079301326,1.18607053045,-0.808024305061
-0.212616841979,0.977815859313,1.73611486407,0.0346523868695
1.71263265793,-0.987135073237,1.08810476836,0.631666412927
-0.70612606287,0.517577508132,1.15117168054,0.801911647112
-0.618475633468,0.469334609928,1.36574200779,0.632612544462
0.0378410081682,-0.310460867746,1.23696719902,0.299624196074
1.13094257083,-0.914174688113,1.36092849793,0.816684904331
0.456526033216,-0.716803620461,1.74760493481,0.842054663177
-0.41427173342,0.271089007443,1.68597726408,0.941907983007
-0.291461072635,-0.877690746024,1.77107259594,-0.619696828378
0.280680822201,0.374899903468,1.93754447302,0.975047929
-0.596869901235,-0.488457251263,1.33242873108,-0.721846135631
1.03320595151,-0.837691519764,1.35089766593,0.630595235967
0.777118743932,0.784847891511,1.28682440342,-0.712050747003
0.409315506187,0.333244582964,1.00376851641,-0.21305496389
-0.837860588186,-0.953603460074,1.30973222539,-0.445600552821
-1.26051755568,-0.783406826703,1.23529178484,-0.732582381098
-0.700864000942,-0.348357186088,1.92049034605,-0.50795772185
-0.0774931743529,0.706672349958,1.58391961469,-0.160590800251
-0.950733362899,0.430585378779,1.03492952437,0.691640211344
-0.0887884043722,-0.875391095964,1.36899463127,-0.133450961286
0.828307926807,0.75238517021,1.33252026432,-0.453317385309
-0.0492332915418,-0.684037857611,1.29626993932,-0.0408364906597
-0.0720450746803,0.0590392750233,1.36038670222,0.589641915355
-1.00671956829,0.79084092037,1.34368531502,0.467314503704
0.559528375599,0.0819619633272,1.07310581676,-0.338147274152
-0.104548174429,-0.661493778735,1.21280987538,-0.00233534186355
0.637055645514,0.258921460772,1.0638253842,-0.639719726338
-1.83851143716,0.645586912319,1.0528198149,0.87194436472
-0.353020067925,0.925083430572,1.79088948298,0.669492882184
0.413004577435,-0.0620448658112,1.36503397298,0.701095092499
0.312808235287,-0.822774722165,1.3352616022,0.330128343095
0.595991939586,0.617462536235,1.82677316491,-0.940602038084
-0.447762869772,-0.933278170662,1.52390760258,-0.263950997661
0.728081094352,-0.497880475582,1.68889556145,0.50004649799
0.0646192252859,-0.290257678081,1.76478531497,-0.599449163388
0.313675111471,0.572219683674,1.41836868077,-0.122297623003
-0.927623364096,-0.464156864641,1.01819927699,-0.823748931498
0.0190714991434,0.0848161698058,1.36910160753,0.760481030044
0.0735654682849,-0.48834900626,1.67126396438,-0.732763123892
-0.526350146829,-0.616980310098,1.68811664979,-0.631417769542
-0.774694634914,0.686973084669,1.46117347696,0.731060802055
0.285289247782,-0.913135993123,1.57306658711,-0.0479573205312
0.542450441333,0.590449493926,1.50806853172,-0.933688857219
-0.240625070451,-0.31565883755,1.58414709578,0.136515198065
-0.413583455553,0.943665888536,1.90082913365,0.42934223629
1.12620743994,0.658852848009,1.54114418426,-0.900872396275
-0.223633261188,0.773482715346,1.35882298779,0.136155736849
-0.2650017155,-0.196841991814,1.22832797524,-0.634305937077
0.220793912371,0.282850340894,1.88400335174,0.476958964159
-0.334655132487,-0.149597120755,1.41184447719,0.013245260412
0.534669438501,-0.548362701519,1.02826797582,0.281366706089
0.546550957447,0.61946874086,1.16727206922,-0.592123427575
-0.487508828579,-0.0705300692465,1.77532819695,-0.0241200879314
-0.64889563529,0.268482672249,1.37395764678,0.82230823346
0.486801519659,0.388986046892,1.3378297829,-0.313362249513
-0.559599716959,-0.393920801227,1.15528487418,-0.621537482872
0.17262956937,-0.17691287437,1.78420884496,0.627870211384
0.634518295724,-0.499426428237,1.06428945514,0.630145371237
-0.512000443577,0.425554463564,1.20703541191,0.470274904884
-0.48815712061,-0.462650320913,1.33576807632,-0.554394865364
-0.109033991249,0.592961035966,1.96374625994,0.062596027866
-1.27941816049,-0.496479186801,1.0520915948,-0.921960213879
-0.445706620661,-0.318765080011,1.5712629658,-0.883242326206
-0.331238854307,0.750677407405,1.75736342575,0.175183402307
0.418223257524,-0.142164011015,1.25685262203,-0.0848649643422
0.348534439157,-0.669298013755,1.13958671991,0.145817753009
0.173323551103,0.427830574736,1.88762671187,0.139311477636
-0.0891752720521,-0.745714553773,1.77117050086,-0.00997389004942
-0.452170425787,0.371606219919,1.48136854373,0.706934297733
0.183477787064,-0.00623480915346,1.46331071079,-0.417423816973
0.0224645775006,0.0851443100978,1.28357717556,-0.217543419805
0.103568931791,0.345337157962,1.3408327789,-0.557110550503
-0.50717458079,-0.552718227106,1.14604708624,-0.442283776815
0.194691745685,0.529666546882,1.54821435906,0.0413667564787
0.73325972213,-0.899531318777,1.20882858502,0.359577475325
0.320386160756,-0.0947118574908,1.86441887566,0.167577054522
-0.551063627928,0.119611824554,1.1658722665,0.664558515906
0.193430951535,0.343516843443,1.55269392613,-0.379811045938
0.049851432991,0.0283343233191,1.84204170297,0.678180717392
-0.166228990638,0.433439501003,1.31786155955,0.203262527049
-0.595968220355,0.464570468596,1.22627923452,0.53419385594
0.147268700767,-0.640744283395,1.56481969027,0.024613426915
-0.349939164195,0.211876589301,1.47322084126,0.634714749642
0.406583399421,0.609139132101,1.93805751245,-0.203105970492
-1.30562843904,0.97750112561,1.39750470232,0.994137542617
-1.18201244654,-0.54744611147,1.11798477131,-0.889841818108
0.63494460758,0.760600987654,1.08946795354,-0.234616509338
0.300177571268,-0.809303135773,1.96261931196,0.368745200026
0.447220526903,0.777804689213,1.62605872535,-0.694275312237
-1.43916591591,0.814471994476,1.21712569495,0.882789292229
0.172996162669,-0.827291918468,1.88135609631,0.112372425382
1.75670164435,0.862030078717,1.07411484392,-0.726063516269
-0.0983033100685,-0.366709551719,1.94887579778,0.173452931064
0.0764165728672,-0.100477870589,1.16209739453,-0.390893038392
-0.521174770378,0.940303463986,1.89091005682,0.457183047634
0.373344746929,-0.950426788328,1.68801812667,0.376125331768
0.159873653516,0.725995301131,1.3742588272,0.0457521057127
-1.06106992375,0.94305906606,1.59268594317,0.750967840693
1.04709232587,0.728544824877,1.37275733424,-0.876953303735
0.340224150661,0.684350337495,1.34334621437,-0.267009008028
-0.0696479436529,0.0161028252855,1.55903561028,-0.5668074722
-1.1974533246,0.659203704362,1.29673052056,0.924557461842
-0.392476647436,0.13912773781,1.45574313706,0.492875072566
-0.372776503946,0.14702664243,1.44783649943,0.892145710918
-0.0878402887765,0.632888287074,1.93333742124,0.876718587594
0.410306161002,0.0381468821868,1.73748617298,-0.73608395695
0.123941705978,0.202287874179,1.61316126883,0.518301107336
0.528583325939,0.598336175664,1.77371933169,-0.47289011171
-0.109297661922,0.6800916878,1.02098723598,-0.00245351133274
0.0173827165979,-0.94050398012,1.60939490599,-0.503202848837
-0.859924083877,-0.777158814606,1.60692496512,-0.819223897957
-0.130023330842,-0.0958085627757,1.87636035168,-0.217747895666
-0.083588322965,0.18017883672,1.26501114027,-0.335065737133
0.241644649953,-0.813071788015,1.17427715172,0.11388657544
-0.214516008034,0.427806139328,1.35065434558,0.651615169958
-1.13024149205,0.974394964135,1.1007000934,0.588911749112
-0.897015210899,0.82658480623,1.35416381733,0.362449972712
0.280724799418,-0.264637086522,1.2771449115,0.591874578592
0.00540325441774,-0.415955607036,1.89220376848,0.174146075286
-0.550395220377,0.401043187149,1.98206090384,0.264458987544
-1.58243300576,0.973232632597,1.41574993804,0.797860500223
0.452029943049,0.0932980468127,1.87633735791,0.1967510438
0.108027228829,-0.334062297209,1.1013522857,0.396346003193
0.577051692972,-0.445056008431,1.89264808333,0.380549080112
-0.873119463828,0.858885461429,1.08275378654,0.431319403036
1.32527964541,0.768939131221,1.20118926221,-0.854528170393
0.685229641722,0.2066852318,1.00913833645,-0.446709280696
-0.141269389605,-0.0936573746421,1.30146962804,-0.85033385505
0.170771239071,0.178730167105,1.90970715236,-0.740027185302
0.776980633846,-0.227327950719,1.11687007401,0.794485304909
-0.785035139837,-0.57619827561,1.02073507756,-0.510189670598
0.0962615877024,0.814728592815,1.93211387515,0.0529222833436
0.31904805073,0.899081467931,1.5611076169,-0.485320144956
-0.314603183269,0.0197431626585,1.59184508027,0.370262479802
0.479008694195,0.951672821661,1.69516301332,-0.911925967136
0.635140135168,0.3725512409,1.52777837427,-0.162447465635
-0.319621632117,-0.842115109252,1.87553603341,-0.455055322231
0.584127755364,-0.383735954472,1.40317664629,-0.096279889802
1.5301404575,0.653570554736,1.17880173094,-0.962464306788
0.81355803078,0.523489711743,1.62860491296,-0.695123517031
-0.317625274957,0.00271901896399,1.22495960631,-0.290634281978
-0.902640310297,0.992099161331,1.2140878207,0.511151737911
0.840615314146,0.896608115129,1.51963366237,-0.652012061175
-0.174070784851,-0.365567461099,1.49654631525,-0.293419530223
-0.280946582299,0.221776080702,1.258110308,0.436866045099
-0.985960016293,0.68517759492,1.4636310358,0.696382897195
-0.493908224647,0.695509122863,1.6763606627,0.608082371828
-1.50966059309,-0.714314199697,1.06365820568,-0.837316913792
0.524699203577,-0.93011938817,1.77241514349,0.950640674974
0.3825751254,0.928875703398,1.00509388298,-0.284894570611
-0.494139552176,0.622184696293,1.80225771988,0.525795819877
-0.0645353722911,-0.437137886747,1.51866396726,0.24109125917
1.72511487099,0.974135723219,1.12041914497,-0.82461979522
-0.290656788522,-0.556175101869,1.46426173211,-0.220672369472
0.274433361507,-0.690949073115,1.2305850565,0.391378719667
-2.30306674418,-0.853419870646,1.05763408767,-0.914900990009
-0.0923636380215,-0.91273819874,1.46752128814,-0.241698334324
0.795748640596,-0.893909128631,1.60598583486,0.738834518211
0.789724524544,0.656399752766,1.6543342748,-0.64468636912
-0.181452093002,0.116851410641,1.58439693025,0.0852849187935
-0.534930121644,0.467488737596,1.73098736359,0.746091926669
-2.39966693124,0.860042824101,1.00286570355,0.756812981154
0.0539362444183,0.115365345893,1.80859322194,0.125246339976
-0.154813669413,-0.157095488685,1.74267991709,-0.599731292993
0.143532548758,0.435351365929,1.8285980339,-0.051722851042
-0.31944979988,-0.466364419097,1.56473875488,0.132615273575
0.365979703694,0.365392124883,1.58232312327,-0.667173780641
0.122232847918,-0.157191434218,1.46042585737,0.925880051979
0.637210965584,-0.909338436694,1.32883189824,0.327270400614
-0.490285456961,0.510621986042,1.90255771299,0.117212434414
-0.0185397098333,0.0394102028454,1.43187022823,0.85683344207
0.0211438624622,0.566643579291,1.80137878141,0.466467694563
-0.0657299317185,0.224965247631,1.00912269646,0.240831500953
0.366639551407,0.553089995818,1.69784501811,-0.275405475785
-0.0369509426293,-0.800076409437,1.89414573558,0.296115969042
-0.931949652034,0.524292281544,1.05054741296,0.394146848917
0.177886043696,-0.574312934316,1.63643551718,-0.306810345354
0.958853293753,-0.979964794707,1.80381704008,0.717638999791
0.13924719978,0.146095208637,1.61353878903,0.698812172146
-0.570702262822,0.673763519665,1.23945354825,0.647403390665
0.581367205226,0.243660607245,1.06447697377,-0.961995574186
0.114577883184,-0.385154296488,1.83031608347,0.141032686246
-0.443870528557,-0.468735576738,1.67990689333,-0.651516105507
-0.213823996425,0.458408454569,1.76450290719,0.376526742613
-0.250078463359,-0.17677899427,1.55410995466,0.361157881034
0.804386996182,0.612171902228,1.26577945097,-0.606477484935
-0.128853440572,-0.0332518107781,1.24832055086,-0.0606071407904
0.395430602502,-0.353663086887,1.37088022133,0.420427739308
-0.108195152511,0.666249965908,1.98387465564,-0.290933907004
0.0950329826535,-0.0771937177162,1.64065929052,-0.333909161681
0.684745049393,0.456045791191,1.35167603943,-0.684392721605
-0.562523971962,0.676588195208,1.08456645434,0.335714635701
-0.596758083701,0.490606954466,1.42719703784,0.7537268169
-0.0910513570964,-0.448494542162,1.24714061026,-0.282416680099
-0.418902354835,-0.013201468378,1.30071776151,-0.152033744097
0.963812223261,0.961870777584,1.50919259731,-0.536289421216
0.530918225422,-0.72257003421,1.84158791034,0.789922851751
-0.271201505335,0.203252810383,1.83325722207,0.526997205852
0.289636243749,0.175462706454,1.73117969051,-0.224853700591
0.525825383171,-0.788607815139,1.58851137309,0.301158726463
1.16646895431,0.462547003578,1.15882323385,-0.847997110825
-0.552297525964,-0.634839120262,1.11764204983,-0.172103403916
0.669421542528,0.249164449305,1.07319434501,-0.773214524852
0.284154942426,-0.147299016095,1.29319018458,0.887425191079
0.931024991186,-0.397376579987,1.63740524441,0.986430510771
0.119421474002,0.479344195128,1.2739877475,0.108566380113
0.0508109398648,-0.0661402615659,1.15124124282,-0.557395343271
0.236234809985,-0.187503522347,1.31942330253,0.498949036373
0.501467238801,0.486103207365,1.58756506143,-0.843265183851
0.840035030632,0.926039096977,1.48942559746,-0.541079122068
-0.229793526193,-0.363812936923,1.4777876595,-0.323005941974
-0.193791545247,0.197271738539,1.79724933482,0.119545848633
-0.45681711589,0.306275760019,1.5268364897,0.891121698163
-0.591289672648,-0.353900633806,1.60452576162,-0.606584823857
0.158630618223,-0.200830237099,1.70779514758,0.709280586722
0.194043670663,-0.649294904604,1.63697971272,0.258725384215
-0.130088073105,0.495789729144,1.67226247109,0.0542491742755
-0.0576630372064,-0.714101687533,1.27241549641,-0.0816193969258
-0.102686892497,-0.657638401557,1.69586568234,-0.678278775312
-0.357684462238,-0.373544420917,1.88439726403,-0.489876197335
-0.656295934649,-0.612386408212,1.30480074762,-0.621790942963
0.74711836156,0.682483518705,1.47541550229,-0.423649907433
-0.341632049104,0.211397848163,1.80453994149,-0.403165179608
-1.07323393841,-0.949244038659,1.24634080008,-0.450970417815
-0.059240871094,-0.67886945825,1.28396547386,0.598457243941
-1.23179127995,-0.644777135767,1.39065011498,-0.791203517304
0.504240171381,0.362671401519,1.47298518626,-0.973105315526
0.553130465163,-0.571211227166,1.13133054012,0.353597662462
-0.383124794402,-0.0314916211755,1.39880713492,-0.88007779125
-1.25525461012,0.76555577191,1.08480766869,0.331808840984
0.499253438356,0.599775925793,1.54064807698,-0.726679965871
0.088687959372,-0.0359679149812,1.22642436473,-0.0684122110581
-0.0162851227787,-0.148629010441,1.08927506737,0.72596330276
0.475190403441,0.24886365162,1.32056579295,-0.664043651207
0.173932011669,-0.0512187433873,1.93084954347,-0.591782649089
-0.764240246648,-0.180309547576,1.00314002351,-0.928228467966
-0.0393048737169,0.69457436407,1.84139382399,-0.0562931610628
-0.249518621324,-0.210342682521,1.77975334498,-0.345918629939
0.131309320432,0.514687216424,1.35273374023,-0.616330725291
0.092344270814,0.418915401569,1.72624535035,-0.409746147279
-0.410574009259,-0.383559350172,1.9665677093,-0.534477724331
-0.500549309304,0.579860714025,1.56278068647,0.040558787242
-0.547236398799,-0.750644188302,1.75026218534,-0.672807537369
0.40844415844,0.734088060857,1.60711792116,-0.102486214818
-0.23166758308,-0.61010749535,1.95456944097,-0.316783006168
-0.441911685413,0.177966326228,1.09097583316,0.428864412777
0.197788106808,-0.166415889104,1.91746923148,-0.376037498211
-0.674535166883,0.807906949204,1.36966212621,0.458261966719
0.0613897431174,0.176184799629,1.58156690084,0.881123578674
-0.614867205111,-0.636100120588,1.72716641236,-0.5877928999
0.0133653560154,-0.122613358726,1.77514405753,0.20428791927
0.614559674815,0.475562203155,1.61231911157,-0.256205491603
-0.412036798058,-0.827325368174,1.99863254368,0.146429924348
-1.17654381913,0.758358131283,1.71145765066,0.605100398247
0.589257840051,0.545189835802,1.08456355458,-0.2775676454
0.313393917492,-0.224601926189,1.47212480329,0.422441142945
-0.0755565744387,-0.224904266168,1.94647014189,0.514165296196
0.650591233662,0.914754971994,1.32824535301,-0.394371236209
-0.156122963063,0.697642331914,1.29248712518,0.0626776883014
-0.380650636849,0.554165291226,1.987549473,0.612436261417
-0.305725841552,-0.563281489378,1.17773659997,-0.399913256956
0.749534845016,0.932123998492,1.91724817452,-0.708010989664
1.44845855902,0.901453802716,1.45325736631,-0.909702267965
-0.452228287099,-0.73930650909,1.80705368458,-0.514488555727
0.0277039904701,-0.367731616556,1.32902726168,0.240379864635
-0.176619187316,0.0915573969842,1.4271742449,-0.573648556046
-0.340892983866,-0.454782436316,1.63500323334,-0.946442994826
0.0852945085553,0.0579957955209,1.23457246279,0.456100014818
0.691048885304,-0.636625946082,1.35859937302,0.842179806374
-0.316289716334,0.880463938345,1.79926124279,-0.143523379279
0.00364109852034,0.22851362948,1.53007109499,-0.65524383229
-0.293052629128,-0.529946285679,1.72295588817,-0.555582206728
-0.122052661491,0.274240833644,1.50936809765,-0.449963452942
-0.769953236151,-0.259108587615,1.3502897487,-0.845552872396
0.155164791062,-0.936643614213,1.38700148754,-0.0916238428164
-0.399600830968,-0.214552554072,1.01600583817,0.0503401095708
-0.0384549077054,0.102421829125,1.5219653692,0.317490906637
-0.268506256002,-0.784175838386,1.88251570862,-0.647296460645
-0.317400822939,-0.755695256859,1.88352215069,-0.584868204496
-0.96124322291,-0.383394885231,1.27217429975,-0.869851101031
-0.0782325397777,0.156790189684,1.71568843977,-0.422857178827
1.86387955981,0.722260258024,1.02915602125,-0.996897101706
-0.365697927677,-0.510779558113,1.75166840813,-0.282343352401
-0.147065042044,-0.111876288678,1.72888333912,0.487858173895
0.128266657943,0.560153441545,1.48029941631,-0.659062019104
-0.583290678089,-0.336145992325,1.88349537377,-0.86126526341
-0.294838178253,0.0306147745243,1.20071422049,0.0652556787602
-0.0952525009707,0.319275004443,1.53321389853,0.175233532042
0.0189008884647,-0.0964523584207,1.94774326751,-0.799278962957
0.536733457937,0.359470770685,1.06572124259,-0.451690668646
0.639108545188,0.830035648505,1.51357923377,-0.504609789091
0.668725324196,-0.648589626811,1.44629918573,0.792792173839
-0.700760094894,0.64342076841,1.82736355035,0.946234795125
0.429861441691,-0.748136183664,1.62347224277,0.293609066422
0.505372877673,0.946091652767,1.07872261925,-0.217368701449
-0.319896745998,0.330308384711,1.61429219576,0.701755758957
-0.0814907902466,0.0917447834219,1.11583433858,0.133160352996
0.914679251574,-0.972780024276,1.99552348917,0.784175052507
0.29929395751,0.67963906683,1.73007905291,-0.370994671917
0.0851438351909,-0.000423401197159,1.15371485923,0.55012000417
-0.318659743552,-0.0902071307639,1.69115131501,-0.966236398003
0.325666818663,0.627854242216,1.98429719582,-0.236030373156
-0.0915191040025,-0.266579972036,1.43871278603,-0.0420281437304
-0.0385817834565,-0.370794119204,1.83793047359,0.721235702532
-0.0015916553771,-0.0347150797019,1.50493057426,-0.70592999175
0.740193130951,0.454140559785,1.57202663769,-0.739366269024
-0.202345955812,-0.187322657185,1.66162815924,-0.809516728422
0.175231509971,0.748653697612,1.8753700845,-0.62293858368
-1.9575116356,0.909842695252,1.03508114223,0.65175502316
0.718494086391,0.730738094243,1.33302618982,-0.160626623401
-0.318382643894,-0.426880777648,1.797910714,-0.729723026264
0.260115359429,0.03012798082,1.52658587387,0.859713919991
-0.0415362490392,-0.12339791964,1.33205256903,-0.397152432791
0.0221550288537,-0.768952626707,1.97197048194,0.396749463136
0.779120927544,0.306281603099,1.12919209134,-0.557236274336
-0.410149006376,0.0693938307731,1.23607490251,0.386587108455
1.54076154293,0.721929876944,1.11291614042,-0.979248779037
0.00179091209498,0.781797060667,1.96642810759,-0.56842389751
1.17849332161,0.579298368945,1.03065527423,-0.823651644368
0.435988315971,-0.248605012846,1.06283231426,0.603213447376
-1.41984460016,-0.678451918981,1.285718593,-0.95012761597
-0.985458776105,-0.618440147626,1.03268210642,-0.470948584138
0.565611329001,-0.68994463182,1.10479471908,0.291619535479
-0.474453503717,-0.383339454131,1.68359465111,-0.806360698528
-0.582018672659,0.182091743141,1.57412013987,0.91113985991
-0.0966410693774,0.280231754768,1.98422173295,0.353131999956
0.319217954279,-0.931446045643,1.99717004667,0.677435037067
-0.590792682057,0.281476026418,1.18515542132,0.618757569787
-0.503958546944,-0.227258331923,1.88094534798,0.299747847555
0.30789776578,-0.51536197601,1.00489150035,0.479334765204
1.18740753538,0.442873428649,1.12986271832,-0.825015261321
-0.138774526352,0.0645263196563,1.66383693404,0.36989132593
-0.199172855164,0.23421843033,1.64962757914,0.367930774941
-0.388363101892,0.44854170167,1.76203070044,0.472800419846
2.4654811,0.953229811082,1.16367708059,-0.696761380707
1.37209858146,-0.632904062917,1.04264730708,0.850575309854
0.320840054559,-0.586508955353,1.84702216201,0.810430330078
0.0411883588198,0.0032675850759,1.3209345002,0.672724804271
-0.270179993381,-0.63002602942,1.84793519683,-0.787478674774
0.323970354103,0.0601908359106,1.23161166428,0.0437270511435
-0.146167306484,-0.152938034238,1.69520354362,0.79045447544
0.0120990584777,0.0943958024905,1.93746128075,0.216976079403
0.642659893946,0.581179987796,1.96273453475,-0.840030482448
0.340456199004,-0.289828754175,1.38477267862,0.175760150672
-1.08707810233,0.68095668857,1.03585863924,0.657867219291
0.720420163182,0.481729680585,1.03982648381,-0.454658333821
0.331420734897,0.488784860734,1.18833701638,-0.1470014697
0.31374403784,-0.930470659578,1.35049401941,0.205424915708
0.160574654849,-0.351853273215,1.70026260164,0.619467185014
0.830640164337,0.35317017584,1.03157300465,-0.488446950701
-0.296734394585,-0.974930730977,1.43701935107,-0.411384332668
0.082125964098,-0.0255320895831,1.2702902696,-0.707975528753
-0.104342840608,0.612592739562,1.48035366533,0.12026955432
1.65774544109,-0.943753957979,1.0649134541,0.810107483449
-0.143603525896,0.760373612377,1.81409147404,0.456026582513
-0.358127729672,-0.813375568017,1.13388611208,-0.149002726894
-0.308330800883,0.656150768092,1.82941500522,0.51062281689
1.22358931609,0.865297442018,1.19297162636,-0.936671006042
0.199081068094,0.376209410375,1.6461069336,-0.838509880558
0.0677762963661,0.694955376341,1.2289403063,-0.0710479455984
0.592271863456,0.36476082327,1.79124977418,-0.81828556603
0.357542382621,-0.226660801014,1.89153232677,0.444803424541
-0.135718691614,0.0802084528323,1.17873888073,0.899605932161
-0.36510591484,-0.825223079334,1.33019810543,-0.399460049852
-0.399048486345,-0.218737674916,1.84175244537,-0.472053378074
-0.691785416194,0.98760322749,1.06938196399,0.204617859879
0.58326811896,-0.0692867204458,1.57625782619,-0.165499316189
0.221023514245,-0.0633870232386,1.00288714272,-0.769851606125
0.370333786416,0.852726439969,1.75606567357,-0.623645343586
0.207891076233,0.114204616955,1.65948429387,-0.575916223087
-0.301545384383,-0.295108852511,1.01926944205,-0.297112368362
-0.765586692053,-0.24674490421,1.08572416031,-0.506733088642
-0.262825003418,0.00641514895974,1.03284841892,-0.5705276426
0.0692745579113,-0.223565153161,1.94626568906,0.894788517359
-0.206138624038,0.212926897299,1.70112705404,0.305536865947
-0.0732084833222,0.36399713015,1.85519467094,0.805567691297
-0.0608629673782,0.0721917169314,1.32083877738,-0.0655293502696
0.159704580724,0.972874264996,1.75170664536,-0.741214546021
-1.07271022434,-0.803613426962,1.30295403816,-0.662363968143
-0.285264669632,0.725367896568,1.23196809828,-0.114720471678
0.570315631195,0.516627798232,1.10533721687,-0.578519205891
0.65121930126,-0.73787688335,1.54153736297,0.623488265949
0.662260504182,0.640846805445,1.41782481113,-0.503318346212
-0.0277122747872,-0.359539083195,1.08332828822,-0.701798550977
-0.456842696098,0.360396396485,1.15859254,0.446598892698
1.24896230785,0.462780703058,1.13201347635,-0.80202793747
0.527935767585,-0.0455500523995,1.60169981094,0.43795024499
0.713382654982,0.307479712091,1.65414509663,-0.779193112191
-0.0681605652181,0.1139184246,1.61630904152,0.0258426843371
-0.131387174573,-0.0216439205819,1.63788927981,-0.862461463755
-0.211082807069,-0.246714069461,1.61117255275,-0.175871824017
1.11806906789,0.645333953542,1.31705956843,-0.903386645383
0.491656633051,-0.329258854388,1.06528437855,0.618478553519
0.368278067176,0.729380098211,1.80076800468,-0.404446567452
0.573021780973,0.582589682445,1.19336012265,-0.746653866599
-0.234959914649,-0.523053951593,1.91863852668,-0.933484598649
-0.395477355348,-0.559584731758,1.71204720244,-0.979023228189
1.10328155814,0.796470279515,1.11628996048,-0.667698414437
0.406944131639,-0.428028484614,1.19210193334,0.544473710756
-0.619318451503,0.814937028041,1.06790222379,0.0987024540518
-0.585540547711,-0.620045373907,1.4569095941,-0.770180151722
-0.0647615956858,-0.541772277749,1.41093354157,-0.702828769273
-0.575525613719,-0.207449806515,1.77259261545,0.432573464917
-0.218889823579,-0.106755611609,1.15689325634,-0.391140863955
-0.0845786445893,0.694928133908,1.47496175388,0.162756121059
-0.17801202669,0.36603471353,1.90652753467,-0.0264321166104
-0.697294927014,-0.614835524136,1.68480914811,-0.925417879224
0.30778349673,-0.837550782807,1.86096696784,-0.194662005164
0.488486087384,-0.591967456824,1.44005984741,0.770017248991
-0.312929605329,0.0784627838082,1.83994355862,-0.70442312343
-0.223838745587,0.145118683745,1.55765794724,-0.543862249978
-0.92349341593,-0.666868232445,1.28108701076,-0.208666475627
0.183020813422,-0.299487141645,1.50645719147,0.0552554671678
-0.125212103118,0.194182633531,1.23118396393,0.796569919195
1.07269829674,-0.728970913032,1.17790041972,0.847180452761
0.336775747893,0.212361058177,1.75296982782,0.446962496478
1.50672463573,0.855657915017,1.45229425186,-0.921522585542
0.280988958847,0.838259753421,1.32922521126,-0.239348596293
-0.20818443864,0.189357611931,1.87325601391,0.46484558009
-0.29837954274,0.186581362631,1.83278454452,0.592051340647
0.166243020575,0.0181450564599,1.53995836491,-0.852577448368
0.9264324987,0.85406398447,1.42680403072,-0.883410739615
-0.234386560779,0.86678992209,1.0342326173,0.0244310537429
-0.0771792677256,-0.296654741181,1.77366531456,-0.346300100861
-0.399683633667,0.561474461885,1.71378708681,0.876632132411
1.0075073002,0.441125575776,1.06806975861,-0.760901665409
0.0313986244189,-0.230376881196,1.66470556189,0.797234434732
-0.195526098958,0.339535726462,1.39277974909,0.139974954166
-0.290135528937,0.644816202439,1.82325323168,0.278999846326
0.200351793959,0.245900762859,1.5548362592,0.678541065802
-0.0444590259027,0.347275788302,1.61746710692,-0.767864466077
-0.0251342412299,-0.534146590731,1.50172625415,0.334786782951
-0.130083538374,0.215932697319,1.77028790155,0.791355362107
-0.112809458877,-0.974922834919,1.26221631545,-0.163009104901
-0.0717531251338,0.00455259508882,1.24981256217,0.904272528369
0.483668682748,0.552292527271,1.41515827403,-0.357428743803
-0.0615985905054,0.442995791339,1.69691451763,-0.01200339356
0.204797597132,-0.283699382825,1.75440471903,-0.258760529232
-0.771879554575,-0.937592949932,1.87166628564,-0.797865788089
0.203240411096,0.0805083299997,1.40034299526,-0.163062869377
-0.407871799922,-0.639608883619,1.97705656252,-0.562710432164
0.0902188994089,0.0209274952899,1.58626565614,0.352708218406
0.547467887547,-0.783934399621,1.93381249604,0.529142198732
0.286015023517,0.207151315874,1.12861131926,-0.143350713917
-0.588078107648,-0.146728030619,1.11867851988,-0.0280943531637
0.681223605108,0.809839522331,1.57767335442,-0.522535625561
-0.0111157605639,-0.732003831595,1.22523371849,-0.24169369793
-0.80082058923,0.607291350021,1.66519055168,0.623179471348
0.0504855004907,0.524765427748,1.85386453839,-0.38905200093
-0.0624512560275,-0.21789525994,1.26425740673,0.897991096026
-0.455417242511,0.393089498317,1.62183859708,0.162338993491
1.27088931028,-0.918658558629,1.18341148019,0.774319428111
0.146928375555,0.470938689447,1.74031823898,0.123474402518
-1.47927915812,0.74211169157,1.24165618793,0.846609303859
-0.223706895056,-0.0878315555327,1.58801424735,0.522151447325
0.575846878027,0.624389528263,1.48533036257,-0.795899402704
-0.29820795817,-0.466473920529,1.62797685695,-0.591261019101
-0.0932420961449,0.241007763172,1.53309084881,-0.83914443434
-0.483294565618,0.613269120801,1.51773791384,0.524862326715
0.16328988258,0.903947791697,1.66295567709,-0.399305440391
0.171011028209,-0.557418619274,1.21321653832,0.00769405236015
-0.93696405562,0.937561483194,1.39456250049,0.131743688992
0.18918886247,0.00381597048439,1.40266877053,0.0088713749192
-0.419518275126,0.759873053832,1.58323629984,0.311193434174
-0.502608458246,0.865146498315,1.8636399137,0.915917796876
0.322523386148,0.798874275152,1.78024865091,-0.00514459762619
1.13676739312,-0.691271836872,1.0860697,0.937987809529
0.824180963138,-0.931295032698,1.65765683805,0.724364311402
1.41705175853,-0.406448521174,1.10449242136,0.923391248263
0.443540734629,0.442798028442,1.49812213695,-0.611632500044
1.07557399157,-0.78372239927,1.31654875786,0.983313334496
0.818741481627,0.614674224678,1.55837236012,-0.933903096201
-0.502507336599,0.0412256312327,1.83458052589,0.346936920098
0.518685153341,0.867165681867,1.54813011279,-0.536590760413
0.686173520864,0.591280454427,1.24626591902,-0.458026804291
-0.959056055719,0.344912468056,1.09646541466,0.399123522311
0.156912271282,-0.549504708646,1.86023616356,-0.304698739727
1.25799771183,-0.868156922639,1.32837610066,0.869394077321
0.668415909363,0.638810826361,1.11177633817,-0.548945040629
0.0479960999503,-0.496854606745,1.99012470778,-0.682569460894
0.168214092645,0.708675006619,1.9486521348,-0.178971273854
0.260686636719,0.825023489586,1.72054794325,-0.321018690589
0.229988385446,0.367768948474,1.09293446292,-0.582090444801
-0.0172298556344,0.907048742407,1.57890748485,0.149233638402
-0.262438635819,-0.287196877794,1.4839733252,-0.375801179313
-1.25385931216,-0.832236840274,1.38782738883,-0.819638840083
-0.408368402368,-0.17413578253,1.50307465569,-0.993602530656
0.0526880843372,-0.229613254138,1.00363731135,0.0822284894078
-0.836870744943,0.880588637579,1.17541937069,0.338658826263
0.212661721616,-0.133752017901,1.04301864849,0.218522303253
1.20930078535,0.764375112552,1.2831969199,-0.887030645035
-1.20325365888,0.713325034592,1.03617462497,0.668895860149
0.534271273072,-0.541802343659,1.15435772693,0.533188570171
0.22744673628,-0.275917088287,1.3275926872,0.201892783534
-0.0115407067225,-0.586880434105,1.40874764966,-0.15914039031
-0.178998186632,0.457279594248,1.54301159076,0.159591847975
0.0271305206569,0.0900111747827,1.23733408001,-0.374463316825
0.598369803919,0.948568571051,1.8658790794,-0.825571222011
0.0347614450377,-0.0298886403344,1.91086111102,-0.197083285169
0.257760832549,0.392269063433,1.97412130528,-0.855539788669
-0.534965553369,0.781815986049,1.63056067371,0.496125440197
1.38193651685,0.847498328646,1.55957188107,-0.909982831039
-0.376477473744,-0.957448884607,1.60367706379,0.0629675918776
-0.220504120783,0.327135277476,1.51968305188,-0.287240317277
-0.129667660223,-0.0943134911286,1.26169534539,0.337655203635
-0.116894707502,0.171167785915,1.55604264649,-0.952135186006
-0.397234097977,-0.562090246191,1.69633362869,-0.266798328077
-0.533239121345,-0.707994365638,1.60584821365,-0.45473479509
0.143479725892,-0.0482338947355,1.84421431338,-0.978721455621
-0.194432319083,-0.320443701674,1.84707697988,-0.215852380175
0.000755435166622,-0.489700612153,1.73616198055,-0.299457960185
-0.593745085,-0.626566526842,1.52486231151,-0.927460837287
-1.0057087146,0.337859314647,1.07499602558,0.899844303576
0.0180789682107,0.202726858393,1.5273900753,-0.583592726195
-0.929078680362,-0.881204265636,1.21250775028,-0.412929901053
0.237856551193,0.336654903471,1.60593972673,-0.289444761997
0.967763710373,0.995208511593,1.02727771744,-0.420333246797
-0.381522515437,-0.28571660808,1.22892401039,-0.853762321264
-0.285052871337,-0.334096393526,1.79731652827,-0.881695414915
-0.0269433714596,0.683793043452,1.64650358499,0.200223618283
-0.968921869311,-0.969843237431,1.97036851151,-0.838787134239
0.317748557746,0.0406334922482,1.30088714173,-0.334962542045
0.0434207280955,-0.0365038149016,1.45864079099,0.793253744032
-0.360142520268,-0.510108243871,1.60867654869,-0.754028962655
0.399586184246,-0.156472039667,1.14123744871,0.66124111054
-0.767396725666,0.882378311976,1.2642611077,0.488694043125
1.17458996814,-0.552814142582,1.22977563233,0.951740906744
0.577020255542,-0.152582236548,1.549464934,0.461849963356
0.094329206377,-0.0723910067949,1.11380605923,-0.437825705871
0.12996019962,0.675939239132,1.97738396173,-0.565543093545
-1.56493096718,0.881992786788,1.76522778736,0.867295573267
-0.0594980971514,-0.293529527063,1.24560362342,0.46577025434
0.59541587235,0.737006473211,1.235123552,-0.340885359504
0.186999823568,-0.0620133802449,1.68809997717,-0.583961709298
-2.283019452,0.871476978019,1.05603878357,0.888100761361
0.435395557976,0.846954170494,1.42593090774,-0.265676327848
0.231696655447,0.119638461386,1.18194089764,0.0383356669381
0.409568504569,0.751428064137,1.12513226766,-0.246043542131
0.955983906673,-0.368670038028,1.13110312166,0.635163824978
0.172182253072,0.0220018950624,1.64413543094,0.537441919323
-0.137242478524,0.656912788455,1.57912587285,0.519367444538
0.499895770931,0.995237808123,1.55576704145,-0.256626076337
-0.486629613616,0.90414284301,1.64467268389,0.350253809114
0.236326041682,0.738939789713,1.68473569908,-0.384600025411
0.330498001029,0.581374989319,1.37481813846,-0.362489707608
0.468628576958,0.306234041183,1.22132747504,-0.669045353639
0.566188795653,0.81000354942,1.85722469609,-0.406888276282
0.220815358766,-0.478885414997,1.41892445888,0.735780743902
1.34050945288,0.85469618791,1.23820327108,-0.589800535784
-0.0216811064073,-0.0783409476483,1.17326541188,0.685442237911
1.26355487966,-0.665481754218,1.54953376424,0.714941527043
0.542681373745,0.298707548007,1.68794967846,-0.142251557255
-0.329539007513,0.263732509122,1.95674847779,0.413852099476
0.895493410354,0.2633151371,1.05420374936,-0.812794518615
0.481716128312,0.831170944362,1.94956243392,-0.715368167821
-0.270463235862,0.328648622285,1.62743187626,-0.119782734669
-0.419648944661,-0.855439436502,1.81951716245,0.204542907838
0.555370733246,0.896667499706,1.36410506191,-0.287521852022
0.231364932494,0.0190891892599,1.33202701297,0.194884922718
-0.133134511267,0.189479900888,1.69057907114,-0.480171811592
-0.63802725134,-0.305079427722,1.83865563503,-0.316809039923
0.0591863686751,0.033404335764,1.70370209702,-0.15717991706
-1.71883825873,0.591576031645,1.05123090299,0.89257491997
0.0268188722664,0.15209870252,1.30600460036,0.246361164856
-0.100763735725,-0.242409244063,1.02393730682,-0.749001955831
0.789941157445,-0.32383063212,1.51669808824,0.932758503022
-0.321259086114,0.0456007737486,1.56192892792,0.345853903435
0.220789303573,0.540111552292,1.79670805682,-0.275398789252
-0.137603900515,0.105440756032,1.98258758196,0.148700746184
0.524126329381,0.809575577002,1.57809079961,-0.438984377056
-0.322320454089,-0.824772211749,1.24012069964,-0.228743711128
-0.64540467851,-0.266117307202,1.3247375295,-0.574217249193
0.20804793777,-0.572456635424,1.7697874038,0.197250759569
0.395252119591,0.287720428327,1.87927142261,-0.460527759464
-0.353675522258,0.513362195351,1.79255236125,0.385938596997
-0.0586644324587,0.623423988185,1.08864687586,0.10607181422
0.00469969912693,-0.789233958832,1.91482950859,0.442294703179
-0.787703544777,0.366714468402,1.87004862176,0.888484941941
0.198280659157,-0.501554335652,1.67203576807,0.15889458253
0.0366258622153,0.267814088884,1.89585617802,0.403379589103
-0.0272351456974,0.316436425227,1.37162048499,-0.330179161436
0.199957717497,-0.514590719396,1.38463941174,-0.217150371871
0.232893653064,-0.558261899594,1.94823843363,-0.161873519604
-0.174924299402,0.250117817902,1.3191022981,0.144985204481
0.233228750581,-0.0786172228268,1.24053800242,0.250245467353
0.320426059396,0.560935407322,1.90332283628,-0.997521601216
0.181702583561,-0.0433145361193,1.40866061279,-0.127651745309
0.18291321057,0.212760282913,1.24048402511,0.802895880263
-0.286293789989,0.186257393348,1.87227794542,-0.533802651826
-0.211388029786,-0.109042178964,1.2075506802,0.00701173916735
-0.317475853396,0.49449755903,1.4624787277,0.391073328071
1.23860409611,0.849490393706,1.26885928208,-0.82703330666
-0.139550192484,-0.49291756484,1.70744672967,-0.949997418827
0.448740075282,0.901878557425,1.35216380671,-0.272655719123
1.70069571867,0.836686478835,1.38872092119,-0.967086902598
0.885510831723,0.766505541585,1.35945564273,-0.112607983149
-0.425890268015,-0.407113470397,1.36852243783,-0.955942155124
-0.0718706806872,-0.120655718926,1.75128450845,0.039658651649
-0.392899415286,0.261022551256,1.0788830213,0.422155884601
-0.275709611412,-0.572808207929,1.81147958557,-0.0983625270691
0.966306818776,0.682818843393,1.02318452403,-0.49939989748
0.26297728905,0.201831827091,1.62827812928,-0.881287046177
1.22884375209,0.879460857208,1.03010155153,-0.321598441657
0.0183676720412,0.694864960641,1.74601484233,0.353276224668
0.469784380216,0.894025728472,1.9893759694,0.0474948055856
0.120732302887,0.145960109393,1.4659190523,0.392652056554
-0.498855839108,0.303507270207,1.21079870519,0.0767146970646
-0.12651860958,-0.34569598809,1.50885569076,0.475089534784
0.370245457679,-0.468945664476,1.80093927809,0.550050249422
0.697836426341,0.885379893745,1.36642131024,-0.531609354675
0.04697975416,-0.347598399844,1.58143162248,0.173882783353
-0.735545227768,-0.776670759146,1.41746320599,-0.26305629862
-0.732134921275,0.546486291543,1.23181324711,0.870407173653
0.118376981916,0.232491233042,1.15568260334,-0.575557689407
0.801393387798,-0.530829297426,1.17319297704,0.447608809747
0.27653299958,0.278467146416,1.56883954726,-0.282652362685
-0.153547586272,-0.0212552947994,1.38037750012,-0.679502209717
0.788682932068,0.703609421217,1.5650532587,-0.634686816734
0.651531677386,-0.660468303447,1.52323463967,0.617257040168
-0.00208750796346,0.686509965213,1.5956775675,-0.412816446684
-0.0273373324132,-0.609159493921,1.89243278665,-0.650178087966
0.257149329342,0.486869711331,1.45880845556,-0.298499801477
0.186282273512,-0.0300796870964,1.99053162136,0.0102829724449
0.16074274779,-0.0166149779079,1.11029641352,-0.210563580274
-0.396450513952,-0.283033336621,1.66599932534,-0.580737878849
0.0223645558237,-0.759909737927,1.48141396365,0.068961686822
-0.462731269677,0.578424193509,1.84695814123,0.861792133014
-0.441949008778,-0.931164283798,1.23889792844,-0.372821370582
-0.500049860054,0.648600189505,1.03957527864,0.146786330608
0.225725938145,0.255964756751,1.82306653316,-0.88798188662
-0.897568989369,0.814731154806,1.31554028737,0.436719031487
-0.452635000721,-0.269464440517,1.09850199135,-0.639957371968
-0.131026979905,-0.557131077764,1.70511179487,0.454556928389
-0.774048086869,-0.715678999812,1.61513027297,-0.5819502534
0.753306211968,0.758804374929,1.86380065736,-0.542374966937
0.108389404449,0.0418267730527,1.50343525486,0.888679535835
0.656733966064,0.435489017663,1.0030862052,-0.591613323731
0.0597824171032,0.268895433154,1.21574076346,-0.630827852058
0.663981674506,-0.736270453756,1.63260435152,0.774884951819
0.211394666416,-0.222257964822,1.19744414166,0.769393142071
-1.5219437407,0.730006968942,1.25878746414,0.763852892392
0.030134100965,0.873760819162,1.11293782142,0.119358783703
0.294071865134,-0.449490701139,1.3234265666,0.422097334
-0.80974403905,-0.958212123024,1.46259095728,-0.920670828457
1.75487362387,0.897801537431,1.20832703316,-0.85703493407
1.32552319944,0.989707679634,1.19059986992,-0.504333575065
-0.118205316083,0.78850885157,1.84832552197,0.182242845684
-0.210241647842,-0.497374986425,1.41364185157,-0.72061184093
-0.612863583111,-0.255356586932,1.36719456003,-0.207425313081
1.68919898737,0.903823989608,1.10033207091,-0.726939912617
-0.892107908179,-0.368802810861,1.1649801824,-0.620275973494
-0.462562522858,0.133034739314,1.04750984801,0.598743000537
0.281168146177,0.469276302797,1.91704640567,-0.16956521485
-0.0632479956249,-0.447809235375,1.05168691278,0.111078466813
0.283453407624,0.136900166589,1.56849979711,0.0671086475819
-0.0159232116648,-0.307957137893,1.88197169647,-0.411789024303
0.370977781852,0.0341119223999,1.9902457758,0.867091227213
-0.0248539404814,0.0941808960982,1.64755752632,0.486857995519
0.276430701825,-0.209416784948,1.55037297296,0.928071989923
0.283836224941,-0.0247150949149,1.43984116031,0.827279366674
0.0719324975527,0.6887750503,1.26318570221,0.0219381258704
-0.160065364132,-0.305470396851,1.45184501971,0.471815129962
-0.890023345536,0.489115530233,1.50336990233,0.873543113068
-0.460887189223,-0.958346326938,1.27641866217,-0.45509881081
0.689996015081,-0.738169739648,1.28551327358,0.623606289836
0.707003474785,0.891862472567,1.42945995004,-0.369142761453
-0.311363835044,-0.00530857564557,1.39163494708,-0.307607956207
-0.45630371069,0.889689399642,1.67812472379,0.397226982105
0.641159568454,-0.619918359093,1.8480342788,0.585756088718
-0.200218116588,0.429025290672,1.17868238189,0.108062872812
-0.576390589208,0.64726573674,1.94508969286,0.64865822007
-0.621181604802,-0.745578305976,1.65588958357,-0.82682951998
-0.23413671546,0.25401689262,1.19431740885,0.300394903122
-0.422464850272,-0.464963240835,1.44253456846,-0.797797971415
0.794138914977,0.545415401235,1.38994212458,-0.779495430678
0.851697017821,0.797682641862,1.28747089629,-0.496050480274
1.10562539858,0.832787960417,1.90054302666,-0.981637787684
0.529031403985,0.170979551236,1.88356841112,0.0341341966871
0.495503116535,0.0319093486818,1.40541144654,-0.769757571222
0.653074640597,0.720636045476,1.60330269219,-0.724221853437
-0.390608559436,-0.663808281025,1.78198758899,-0.47171836206
0.273333553306,0.531260573516,1.06688973395,-0.0890131492552
-0.33924233575,-0.169304774333,1.58275391262,-0.777079675037
-0.336722683917,0.102300330412,1.90757270118,-0.681801699314
1.11304096477,-0.907824090406,1.51093233425,0.661773293643
0.257320577966,-0.655186643795,1.33187341525,0.326163294364
0.486909744573,-0.313720551009,1.12832612812,0.828945860997
0.0172248638589,-0.705341084985,1.66721946426,-0.383772326548
-0.518262572377,0.721772141556,1.58594919781,0.525856960488
-0.251605697757,0.0758306926698,1.55345827827,0.873877758042
0.579518259695,-0.991021192604,1.77072472553,0.562913905772
0.647474785174,0.296545522252,1.31886833799,-0.979728000087
0.296224612102,0.121139077953,1.72716935162,-0.137231179806
1.10901029235,0.984625417474,1.12406215193,-0.482758096711
-0.373628081557,0.35293859495,1.77717936053,0.841722563896
-1.12521499172,0.769930696931,1.51156594557,0.832364512023
0.213154392575,-0.885878416345,1.89415003953,0.185452738709
-0.00740401048365,0.834246335647,1.74226798186,-0.121716114168
-0.269627429034,-0.682970423281,1.77527275422,-0.138083097418
-0.125133818021,-0.655415851098,1.34939270698,0.203640238315
-0.017472051818,-0.187219135206,1.99901043095,0.957695303821
1.51335058794,0.825715690425,1.08322425941,-0.630328102954
0.202072439487,-0.288889795513,1.6643484374,0.835570445218
-0.0785724059072,0.335364215108,1.83806453166,0.576882090655
0.141953410883,-0.349304966233,1.68947346365,0.504783904484
-0.0613533093862,0.248321299277,1.97827561857,0.87611255391
0.902816144814,0.650211169375,1.22433311115,-0.457004549611
0.0390317762624,-0.148988541939,1.15096069101,-0.735853836944
-1.80137925295,0.951269693989,1.10673944398,0.708097888164
0.154932674888,0.87158936977,1.55158519469,-0.155429474647
0.45355964833,-0.599753624225,1.36704556882,0.698011924678
0.366241867859,0.391992234987,1.25461372324,-0.0412952565607
0.412912127631,0.642926768898,1.75146476432,-0.371730225591
-1.18998643594,0.885392842379,1.24087673179,0.791660239269
-0.00769656633876,-0.00591849387492,1.87715178076,-0.2839089246
-0.214335357367,0.840621051312,1.75420675246,0.366563359983
0.136495659328,0.421402060819,1.94298447945,-0.189423546792
0.114000782535,0.0349529817115,1.57885516313,0.0151900147445
-0.0846802802569,0.373509287453,1.4059391794,0.362840408076
-0.333193196304,-0.0381999276912,1.90125119939,-0.677421892281
-1.15040124092,0.983548291701,1.57502412091,0.902093989861
0.286600229411,-0.551118922656,1.6679949516,0.460805763455
-1.36256564078,0.875051344492,1.37211268764,0.660227175463
1.18709671853,0.349036671717,1.05369142685,-0.988285390655
0.122378529963,-0.922377485648,1.59521997202,0.461111537808
-0.0594546143122,-0.0449560824717,1.11742562106,-0.327056497634
0.868907731625,-0.301205217287,1.90644191436,0.957891909736
-0.279708435517,-0.465796260335,1.48165283127,-0.540494437148
-0.343988814988,0.96939111238,1.89967260081,0.867172886957
0.526157180407,-0.578043395102,1.07968979909,0.511491591368
0.572266052102,0.184185546367,1.21948152435,-0.583124599194
-0.0802938080448,-0.567333895216,1.27869415716,0.064055049326
1.19507202945,-0.915287446748,1.067445557,0.517073076843
-0.0422202468393,0.293432957554,1.76787876754,0.96572082012
1.19805969324,-0.592446411165,1.32712199104,0.900996370811
0.394184293741,0.00659589114947,1.61509302454,-0.78935778999
-0.221889909612,-0.230349702862,1.78882246682,-0.918735942772
-0.0365334944573,0.338892187969,1.71604892086,-0.724900508785
0.0326137380361,0.358707447156,1.41665287092,-0.236789864695
0.337967974112,0.583270758458,1.83516573605,-0.743881621958
-0.417354845455,-0.55742250244,1.95327243536,-0.51849762431
0.45699857354,0.0223919644346,1.81557660752,-0.867564782733
0.688561344494,-0.923055412185,1.25116104453,0.660933966494
-0.576551076625,0.236600430924,1.10464412365,0.993915730269
-0.0686219020281,-0.0881083689375,1.69008285699,0.334029097132
-0.584088090472,0.255682073083,1.25614576004,0.944369741813
0.761410797148,-0.854463705953,1.31414050389,0.404042318486
-0.6003639754,-0.400222062576,1.23856883826,-0.584672856119
0.320840699946,-0.205362872231,1.64970243824,0.473321773393
0.0381476902217,-0.331740083274,1.52662816832,0.085710652347
-0.119081554563,-0.40054673077,1.00239838507,-0.0930495077545
-0.0375943506601,0.161984922084,1.73576903777,-0.0796360434149
-0.148991478796,-0.99192598567,1.92827936336,0.194637233687
-0.219691399546,-0.25883371465,1.66528606936,-0.169175482766
0.0797228896609,-0.666250758221,1.77839869756,0.96157787491
-0.465596641423,0.7954165661,1.82435283633,0.392998178194
0.165933048846,-0.236499891719,1.35040965795,0.692784959151
-0.162098197207,-0.591637355099,1.49516867622,-0.569650418113
-0.373285921648,0.757920468726,1.71758029785,0.643269900777
0.0173620442308,-0.0279222263377,1.02275167513,0.476394287042
-0.105125115205,0.333342240973,1.48467002184,0.268909731011
0.0314488807137,-0.492220942483,1.72937697531,-0.176134782468
-1.08694940308,-0.803121042766,1.51297093798,-0.985941571883
0.250895422296,-0.609968885382,1.95801296763,0.315678567653
0.0833028198565,0.378248861279,1.5866589664,0.70638341827
0.632521962164,0.597766388977,1.68346702139,-0.918216876236
-0.26745222937,-0.476237518935,1.81590605703,-0.935153910972
0.73161130184,-0.37352369069,1.46864181702,0.804647704027
0.549509447291,0.608798681835,1.8430195168,-0.635666847252
-0.0157493658953,0.927126642047,1.57429121828,0.238324249923
0.942426951465,-0.589277534109,1.34544802597,0.866048609055
2.09163179776,0.899908127787,1.2325388367,-0.990639569825
-0.235969214677,-0.0539690385189,1.19205054927,0.487424239352
0.466774252769,-0.0940569222521,1.86380901229,-0.0632175753996
-0.218127893884,0.0601315427027,1.25285276369,0.654379176085
0.476611957051,-0.151441954454,1.59448659917,0.463885456287
-0.411398070395,0.0734664380016,1.09498688825,0.94755072756
1.48688379964,-0.673246665575,1.00497811713,0.661656548875
0.0543113699317,0.0250272168547,1.0852300825,-0.251673023372
-0.275692572236,-0.98204297739,1.99727810142,0.0620478655286
-0.574832350706,0.718693743573,1.74519544065,0.505253171553
-0.0154159256261,0.0273248060751,1.64309144737,-0.709263604074
-0.0602395623263,0.0841954720652,1.72136225224,0.385308345957
0.220316235424,-0.496806494022,1.61417573464,0.373502450173
-0.90488748329,0.890592351586,1.42018941273,0.706265181401
1.43010254892,-0.797175731449,1.04269048141,0.65569068055
0.517385061813,-0.443439484762,1.8248114417,0.714307853041
-0.250819624284,-0.208283245708,1.08473136498,-0.347970167902
0.179394744881,-0.117440039942,1.58664310545,0.185597912225
0.434105007011,0.318141414493,1.51194393504,-0.346077659308
0.434785795039,0.687918679085,1.81445447775,-0.596949257084
0.460702195397,-0.0658514580491,1.15314131687,0.720419284509
-0.0640964065471,-0.345765826388,1.14829182966,-0.12045152185
0.600716703485,-0.472712549496,1.43614297792,0.893013852242
-0.215332186901,-0.121358586428,1.24464795153,-0.409364571912
-0.431875977242,-0.419028860941,1.86414907716,-0.538673170703
0.0510523594927,0.018356084237,1.28688737857,0.497123448498
0.80557679257,0.70962368795,1.48377977393,-0.793520724994
0.269350447834,0.621650460644,1.16169079525,-0.640783927803
0.473606608459,-0.20288531329,1.04301408244,0.695385553576
0.422682250986,-0.0835450886582,1.20982512017,0.852794805633
0.351315034877,0.260572641429,1.98664888655,0.115609878651
-0.374653896734,0.242761962318,1.61510736682,0.86841875712
0.129107828696,0.132474462247,1.84369492726,0.441999293636
-0.228081066924,0.879538613115,1.34616546866,0.215899165774
-0.334013406093,-0.360258416877,1.45932052418,0.0786936009583
1.26809146307,-0.913922543778,1.25262346986,0.602722029877
0.500197140723,-0.217895447095,1.44068499694,0.701807786001
0.149765681687,0.0070183947204,1.14228425451,-0.934715297347
0.352396637486,0.2469435229,1.46249342868,-0.791698436234
0.394864173497,0.933489364494,1.72579780129,-0.337086865806
0.464439631985,-0.792543632428,1.37825017373,0.59286532468
-0.380663279456,0.215306736359,1.24920696617,0.226896868513
-0.575807752709,0.327505574196,1.05892123032,0.507977729358
-0.448487708285,-0.60419842748,1.58427581069,-0.574587678284
0.599189309824,-0.596669138666,1.54153304464,0.517356653873
-0.216086544077,-0.774440905069,1.75722062057,-0.451153036535
-0.126677395082,0.33361269772,1.79472054787,0.989032620977
-0.131554137104,-0.299828486214,1.21933179322,-0.0781553606357
0.160579289465,0.202742066216,1.77368122098,0.491537246108
-0.840282933491,0.889291174438,1.60085416627,0.937145712974
0.267569888919,-0.605394464989,1.86547927874,0.355711070289
0.750754949725,0.722822168358,1.38382433245,-0.63478329682
0.349255180897,0.0663899384016,1.58402431943,0.375302902825
0.746776577026,-0.549093915498,1.09107405449,0.695277912063
0.713875779386,-0.00344910743009,1.14098162891,-0.087169828142
-0.28633332719,-0.82731462093,1.92992095005,-0.751506681029
-0.691156865527,-0.751170267101,1.40756397106,-0.278869005373
-0.057189309413,-0.641090260108,1.34758415301,-0.01812925418
0.175573227916,-0.986571967303,1.92128651696,0.136496296801
-0.544600797245,0.896003501105,1.98671078992,0.590631026677
0.532945682562,-0.889778344835,1.16072317143,0.40478741949
-0.678583734874,0.608487098608,1.40994271997,0.320170253833
0.777482542988,-0.45990034597,1.09010115075,0.676906635399
-0.264709207117,0.801646529371,1.63935430051,0.341922255361
-0.0878770294168,0.489117094121,1.15588101828,0.234539074147
0.18560196221,-0.385913015711,1.18356235971,0.328751364451
0.357255297677,-0.964749549077,1.784460423,0.385479391561
-0.0790010025829,0.42269282259,1.39383146298,0.476400970972
0.676524386696,-0.464564802132,1.83647286292,0.444717773132
0.312485079101,-0.423600533867,1.80609730297,0.980106988862
-0.0306761365759,0.690055092382,1.4719238145,-0.388624994453
-0.257639643799,0.101621228463,1.2130735303,0.796804026978
-0.472025164164,0.616356375907,1.36356095218,0.446925615373
-0.0721847653692,0.172535371974,1.90103557696,-0.261551097809
0.462442430729,-0.456108878329,1.64610668968,-0.178027692432
0.272875376449,-0.609036504547,1.26994888433,0.695310679682
0.222568284375,0.166218225323,1.18292574071,-0.492805498299
0.219076164299,-0.62741048424,1.80645772672,-0.306880856201
0.691708862426,-0.607798322117,1.24351704399,0.34791374947
0.260804549061,0.167877493777,1.67287022461,-0.0718808735853
0.375273310516,0.363328638661,1.64394526739,-0.092499516288
0.772701693066,0.798708253464,1.41750428051,-0.857821971027
-1.91878669344,0.711397069827,1.08847304382,0.754172726998
-1.28441775353,0.715909320165,1.10696871773,0.722206237466
-1.47202435786,0.870745115294,1.15716075392,0.799857722893
0.327724782417,-0.659056593459,1.22533100955,-0.205796268064
-0.591216944407,-0.757315809649,1.29093050245,-0.217968390726
-0.102417416702,-0.550854251295,1.37378323452,0.20564615005
-0.781332291997,-0.602292724145,1.17648922735,-0.752242124609
0.179026057731,-0.570346187108,1.78212053841,-0.730005090358
-0.0607229479602,0.0996316693723,1.2763970393,0.211208067526
0.16656721134,-0.292077647623,1.93716747369,0.585249828039
-0.234457413163,-0.696861220503,1.1847824833,-0.0290121709967
-0.200731739304,-0.68019349597,1.368755309,-0.0757026357436
-0.445412386009,0.311388564365,1.86110791464,0.830712060499
0.294723474773,-0.760120334239,1.17024976783,0.11980051534
-0.274955993046,-0.101356390577,1.27001373894,0.177350193385
0.20101032711,-0.534914711089,1.66608518137,0.264436431638
-0.248999851387,-0.742117101429,1.60694688409,-0.335586040955
0.0988449539022,-0.180547199016,1.23152073902,0.208758600693
-0.0149415750792,-0.92015305579,1.15922243147,0.0314514658908
0.514184096329,0.740108131626,1.86670563309,-0.0977574181559
0.0551453595038,0.87585650673,1.29809351721,-0.0601622393686
0.106004805443,-0.103329595057,1.35189980673,0.750936084399
0.334458391249,0.714656994537,1.58809539373,-0.485617300287
-0.526415153434,0.636539154623,1.92934749306,0.503935068768
0.970815006963,0.690684850317,1.69968099246,-0.764829827618
-0.0431963593318,0.801510633651,1.79021125718,0.438135161056
-1.21486009268,-0.863080875102,1.07918706022,-0.522501601667
-0.0239071999311,0.227791128375,1.57875924133,-0.807127659109
-0.220228582431,0.616016088801,1.52690543336,0.608669542666
0.573858995474,0.7518237558,1.6376713168,-0.160497459187
0.0217777826664,-0.165844835147,1.29132046101,0.815852752746
-0.529815151069,0.321394855535,1.06659332778,0.54930642853
-0.298335263569,-0.638424874898,1.81335262501,-0.496130118065
-0.0841507071889,-0.388692060894,1.41260363283,-0.0330408762255
0.313432658733,0.277991037168,1.98041743181,-0.382941277281
-0.323045270659,0.692700429378,1.99761380594,-0.0444555111216
-0.404076888322,0.70968614674,1.65520308967,0.687938646523
-0.382356448402,0.491378814695,1.70640388349,0.597196748222
0.00713795880908,-0.954074630775,1.02445052456,0.105329442161
-1.52387206142,-0.832387281929,1.34049830964,-0.957509308109
0.294187813806,-0.770887772261,1.58867607923,0.460571847628
-2.05702371947,0.920386322574,1.07339431328,0.816829835407
