-0.821401810782,0.611311938771,1.26315247243,0.535743839933
-1.16209948531,0.36199866148,1.06344747398,0.697978939413
0.375924426791,0.0171355875224,1.79969804479,0.267772040742
-0.00875850693558,-0.970077711849,1.59353846937,-0.112328558347
0.353543570867,0.596220150952,1.81492059159,-0.49987182262
-0.416413102275,-0.787803621322,1.9535977328,-0.668896397398
0.454694475196,0.482937238989,1.30159597047,-0.677201046848
0.333322878967,0.0290968474435,1.66653840033,0.698392346694
-0.41656385844,-0.808998600965,1.49800970549,-0.377193385485
0.440925465545,0.822666044146,1.65371757694,-0.604161611388
0.762957540907,-0.579875304088,1.12469005779,0.312890364862
0.291689078413,-0.0506911935311,1.55950779661,-0.755049940062
-0.836624334483,-0.803035989228,1.00224841914,-0.476464837782
0.617103823141,0.79966031932,1.49571445157,-0.244265843876
0.296515046883,-0.151374238705,1.788654789,-0.107740921792
0.862750990902,0.9727835668,1.30249691808,-0.449628565598
-0.140482612912,-0.188296717184,1.73873069186,0.653320983431
-0.0793260271855,0.164126933951,1.71168926772,0.656616400295
0.37221679613,-0.0853531618314,1.4276893342,0.945336576642
-0.389905990332,0.807021948369,1.97135647991,0.213699183955
0.289809190131,-0.538705398582,1.817325661,0.857142664509
-1.01512223196,-0.87913404638,1.2195855849,-0.746123172855
-2.21036587773,0.947278369744,1.18991679124,0.895235222433
0.386019014887,0.675543386056,1.95686454074,-0.538969988242
-0.525756767744,-0.937428096572,1.59758328041,-0.282975656464
0.340034050751,-0.128833942585,1.12505314095,0.66785648602
-0.153129791026,-0.52788793202,1.58458635305,-0.337442184445
0.371274599098,0.413543250451,1.08085220809,-0.421778591454
-0.430707058118,-0.307341916434,1.43522932951,-0.512716095515
-0.156643929632,0.227986206974,1.25549045264,0.151536880763
0.188458453393,-0.627531072451,1.67860758379,0.70860316528
-0.336395454773,-0.992756336895,1.09433409567,-0.0165319322407
0.14946439446,-0.158045718152,1.10180991448,-0.268144252948
-0.939677337372,-0.574840919827,1.06817481482,-0.571102571828
-0.283591663762,-0.719649949912,1.92542375705,-0.725286243883
-1.55108672049,0.968931464838,1.48312204267,0.977330348297
-0.645943291807,-0.522156303982,1.7687621834,-0.94483039996
0.792003728581,0.38789958735,1.14776270125,-0.94328381438
-0.526192699846,0.785312276411,1.47892866001,0.136892126422
-0.0367755021304,0.0100202836654,1.95322346483,0.398596440528
0.359852267147,-0.670654487401,1.93634486329,0.577920060583
0.2722811729,-0.273423318092,1.92658474093,0.93871076555
-0.356061350594,-0.804812391107,1.86798219621,-0.749964824976
0.220728914723,0.0467021028577,1.12728971337,-0.634967217792
-0.0245936805359,-0.255741754554,1.46989692578,0.0948728811944
-0.203382540337,0.199222382321,1.81323994375,-0.2003800939
0.446284668304,0.860664590251,1.53715096201,-0.444470134765
-0.131482724459,0.340474481309,1.57089763544,-0.295389501378
1.90005404028,-0.868067893795,1.12446358232,0.910164179401
1.24931693619,-0.544070852557,1.02841279817,0.9518704582
0.557888532056,0.384781222202,1.74047524131,-0.878105274115
-0.308669524114,-0.281699618204,1.12943062292,-0.532365649554
-0.151106414149,0.645264746528,1.74518398654,0.532551579117
-0.549584620074,-0.646852526215,1.81877607693,-0.974654353159
-0.2711433635,-0.63003357767,1.2135778437,-0.109323764242
0.352049021317,-0.971474541519,1.37677253468,0.325029376494
0.0681119140014,-0.393577402109,1.78492438729,0.992054282512
0.0794259522134,-0.152368706241,1.347251502,0.980748896343
-0.0452877399985,-0.239548304266,1.57535935856,-0.114754063277
-0.217425999107,0.102037903575,1.89500103204,-0.0515978839387
0.114928957707,-0.662853947065,1.97943722869,0.762674124222
-0.126660393579,-0.60611477608,1.97087983211,-0.7250970488
0.10863762202,0.18692724881,1.45410100044,-0.836625002281
-0.113276098472,-0.250095372702,1.3800442925,0.154794775403
-0.338747072877,-0.386665647899,1.50120598183,-0.835334848375
-0.878477604825,-0.954389122187,1.30257631054,-0.687916403754
1.04710125496,-0.527428475423,1.16696761442,0.738110943576
-0.564015552295,0.926061628062,1.45694010523,0.557841698617
0.406254772413,-0.308200651044,1.71247787434,0.90469241248
-0.153216321501,-0.058094331984,1.11442104337,-0.991415919736
-1.46564343189,-0.884585220253,1.2172321076,-0.74925520914
-0.1721605486,-0.110011044558,1.20250235077,-0.403357896709
0.231207344449,0.962820164199,1.91137437754,-0.291075736686
-0.647196118055,0.758679050703,1.38877669561,0.303535948293
0.188734237559,-0.405576605493,1.95866766831,0.740669844123
-0.366539412571,0.523097955819,1.23609155199,0.584104439576
-0.164058328013,0.822080360724,1.20039188119,0.0944451592902
0.731351386908,-0.687818311075,1.44856162213,0.798416463247
-0.717592910972,0.779604018661,1.91553061272,0.740773138347
2.11051575761,0.986739454769,1.0540118307,-0.789084222577
0.106055460323,-0.290448292249,1.295093228,0.15146666243
0.515859019496,0.494994521447,1.425713352,-0.66796726418
0.208427913866,-0.60560703909,1.64812551095,0.0997032070505
-0.366427612341,-0.759439010189,1.36300560729,-0.37468982772
0.275257791045,-0.0868391443328,1.36864923886,0.657813497631
0.414397129984,-0.490896614033,1.92495741558,-0.242545972328
0.570509327001,0.789000661233,1.38285388191,-0.417975963222
0.197240463695,0.220106513771,1.73114927611,-0.552744457855
0.285579646169,0.342475276779,1.82761954738,-0.657208778468
0.274784979823,0.276607550508,1.78393356869,-0.729768953278
-0.725353028057,-0.832463810413,1.1173452346,-0.254711155196
0.295596247636,-0.615370109205,1.49888291068,0.705602301317
-0.337961810362,-0.370915020588,1.18919372913,-0.338778553294
-0.00871625903766,-0.311733365729,1.40550431605,0.272288211023
1.73031131536,0.820776134519,1.08818289353,-0.825237369611
-1.49611057553,-0.888404483255,1.15317331851,-0.78009807024
0.444443528289,0.32713049073,1.96585431779,-0.103612528284
0.0584449476323,0.457482203492,1.8722691852,-0.262944553171
1.43613577299,-0.651560242881,1.09290556696,0.951294788159
-0.339428431333,0.734449571416,1.58894607624,0.187433906215
0.493726370762,-0.631705018118,1.85903035687,0.922797949709
0.669388085511,0.773696046305,1.32842533662,-0.373867651426
-0.278164782118,-0.705738897901,1.41233422628,-0.243160249442
-0.770085458055,0.681986595246,1.01631209888,0.341728400791
-1.78135751142,-0.941079301326,1.18607053045,-0.808024305061
0.0855095954567,0.977815859313,1.73611486407,0.0346523868695
1.39340211934,-0.987135073237,1.08810476836,0.631666412927
-1.05009968329,0.517577508132,1.15117168054,0.801911647112
-0.492873989261,0.469334609928,1.36574200779,0.632612544462
-0.103743208049,-0.310460867746,1.23696719902,0.299624196074
0.846714676649,-0.914174688113,1.36092849793,0.816684904331
0.501970504822,-0.716803620461,1.74760493481,0.842054663177
-0.00335505019981,0.271089007443,1.68597726408,0.941907983007
-0.104833851888,-0.877690746024,1.77107259594,-0.619696828378
-0.211558809679,0.374899903468,1.93754447302,0.975047929
-0.350631696164,-0.488457251263,1.33242873108,-0.721846135631
0.680501122721,-0.837691519764,1.35089766593,0.630595235967
1.10808079664,0.784847891511,1.28682440342,-0.712050747003
0.143942684844,0.333244582964,1.00376851641,-0.21305496389
-0.724472159099,-0.953603460074,1.30973222539,-0.445600552821
-1.02298386919,-0.783406826703,1.23529178484,-0.732582381098
-0.428212499906,-0.348357186088,1.92049034605,-0.50795772185
0.300057064782,0.706672349958,1.58391961469,-0.160590800251
-1.36760123757,0.430585378779,1.03492952437,0.691640211344
-0.151048518466,-0.875391095964,1.36899463127,-0.133450961286
0.610091044648,0.75238517021,1.33252026432,-0.453317385309
0.0820766147431,-0.684037857611,1.29626993932,-0.0408364906597
-0.3737602651,0.0590392750233,1.36038670222,0.589641915355
-0.50965144804,0.79084092037,1.34368531502,0.467314503704
0.0753738329755,0.0819619633272,1.07310581676,-0.338147274152
0.399014619454,-0.661493778735,1.21280987538,-0.00233534186355
0.175870135917,0.258921460772,1.0638253842,-0.639719726338
-1.58008061215,0.645586912319,1.0528198149,0.87194436472
-0.503309947028,0.925083430572,1.79088948298,0.669492882184
-0.0502428789071,-0.0620448658112,1.36503397298,0.701095092499
0.174297869306,-0.822774722165,1.3352616022,0.330128343095
0.45220244409,0.617462536235,1.82677316491,-0.940602038084
-0.311484372927,-0.933278170662,1.52390760258,-0.263950997661
-0.206497617102,-0.497880475582,1.68889556145,0.50004649799
-0.0659520006518,-0.290257678081,1.76478531497,-0.599449163388
0.548001720739,0.572219683674,1.41836868077,-0.122297623003
-1.09795514672,-0.464156864641,1.01819927699,-0.823748931498
-0.255597177032,0.0848161698058,1.36910160753,0.760481030044
0.0033385454276,-0.48834900626,1.67126396438,-0.732763123892
-0.141641063979,-0.616980310098,1.68811664979,-0.631417769542
-0.648396699011,0.686973084669,1.46117347696,0.731060802055
-0.0746704628575,-0.913135993123,1.57306658711,-0.0479573205312
0.587817838616,0.590449493926,1.50806853172,-0.933688857219
0.315423621516,-0.31565883755,1.58414709578,0.136515198065
-0.481459495037,0.943665888536,1.90082913365,0.42934223629
0.764609506284,0.658852848009,1.54114418426,-0.900872396275
-0.163082992952,0.773482715346,1.35882298779,0.136155736849
-0.155402654531,-0.196841991814,1.22832797524,-0.634305937077
0.186217972539,0.282850340894,1.88400335174,0.476958964159
0.276271357582,-0.149597120755,1.41184447719,0.013245260412
0.577552210701,-0.548362701519,1.02826797582,0.281366706089
0.500795984011,0.61946874086,1.16727206922,-0.592123427575
0.0155926273358,-0.0705300692465,1.77532819695,-0.0241200879314
-0.459770956741,0.268482672249,1.37395764678,0.82230823346
0.42617269352,0.388986046892,1.3378297829,-0.313362249513
-0.393691534476,-0.393920801227,1.15528487418,-0.621537482872
0.26478759755,-0.17691287437,1.78420884496,0.627870211384
0.545255914936,-0.499426428237,1.06428945514,0.630145371237
-0.130585490305,0.425554463564,1.20703541191,0.470274904884
-0.42113629407,-0.462650320913,1.33576807632,-0.554394865364
0.0700893403614,0.592961035966,1.96374625994,0.062596027866
-1.05779517252,-0.496479186801,1.0520915948,-0.921960213879
-0.152504862818,-0.318765080011,1.5712629658,-0.883242326206
-0.0567251208066,0.750677407405,1.75736342575,0.175183402307
-0.144351016274,-0.142164011015,1.25685262203,-0.0848649643422
-0.0824447723419,-0.669298013755,1.13958671991,0.145817753009
-0.0879085353694,0.427830574736,1.88762671187,0.139311477636
-0.128196696605,-0.745714553773,1.77117050086,-0.00997389004942
-0.294068724911,0.371606219919,1.48136854373,0.706934297733
-0.228779195651,-0.00623480915346,1.46331071079,-0.417423816973
-0.0279004355943,0.0851443100978,1.28357717556,-0.217543419805
0.129175905894,0.345337157962,1.3408327789,-0.557110550503
-0.306564345271,-0.552718227106,1.14604708624,-0.442283776815
0.0340706058555,0.529666546882,1.54821435906,0.0413667564787
0.779238233398,-0.899531318777,1.20882858502,0.359577475325
-0.0483100928724,-0.0947118574908,1.86441887566,0.167577054522
-0.323778610237,0.119611824554,1.1658722665,0.664558515906
0.385299984454,0.343516843443,1.55269392613,-0.379811045938
0.193174889973,0.0283343233191,1.84204170297,0.678180717392
-0.206046797602,0.433439501003,1.31786155955,0.203262527049
-0.675447053326,0.464570468596,1.22627923452,0.53419385594
0.20281859743,-0.640744283395,1.56481969027,0.024613426915
0.0729938718133,0.211876589301,1.47322084126,0.634714749642
-0.216637322918,0.609139132101,1.93805751245,-0.203105970492
-1.52737831658,0.97750112561,1.39750470232,0.994137542617
-1.06759032149,-0.54744611147,1.11798477131,-0.889841818108
0.44128345303,0.760600987654,1.08946795354,-0.234616509338
0.37505070041,-0.809303135773,1.96261931196,0.368745200026
0.759487754323,0.777804689213,1.62605872535,-0.694275312237
-1.83347034612,0.814471994476,1.21712569495,0.882789292229
-0.0195055559791,-0.827291918468,1.88135609631,0.112372425382
1.71914584792,0.862030078717,1.07411484392,-0.726063516269
-0.112214148574,-0.366709551719,1.94887579778,0.173452931064
-0.128180426503,-0.100477870589,1.16209739453,-0.390893038392
-0.292928491228,0.940303463986,1.89091005682,0.457183047634
0.385762755614,-0.950426788328,1.68801812667,0.376125331768
0.319130602229,0.725995301131,1.3742588272,0.0457521057127
-0.753260391299,0.94305906606,1.59268594317,0.750967840693
1.10891328902,0.728544824877,1.37275733424,-0.876953303735
0.111089429295,0.684350337495,1.34334621437,-0.267009008028
0.0335582684794,0.0161028252855,1.55903561028,-0.5668074722
-0.909452354954,0.659203704362,1.29673052056,0.924557461842
0.290228903034,0.13912773781,1.45574313706,0.492875072566
0.0860844208975,0.14702664243,1.44783649943,0.892145710918
-0.493666927109,0.632888287074,1.93333742124,0.876718587594
0.19246934964,0.0381468821868,1.73748617298,-0.73608395695
-0.247163877452,0.202287874179,1.61316126883,0.518301107336
0.458566098934,0.598336175664,1.77371933169,-0.47289011171
-0.0211838888507,0.6800916878,1.02098723598,-0.00245351133274
-0.417504780992,-0.94050398012,1.60939490599,-0.503202848837
-0.838682720078,-0.777158814606,1.60692496512,-0.819223897957
-0.239186219946,-0.0958085627757,1.87636035168,-0.217747895666
-0.268841886937,0.18017883672,1.26501114027,-0.335065737133
-0.174124336848,-0.813071788015,1.17427715172,0.11388657544
-0.656706099581,0.427806139328,1.35065434558,0.651615169958
-1.75627181083,0.974394964135,1.1007000934,0.588911749112
-0.759231860949,0.82658480623,1.35416381733,0.362449972712
0.267717238775,-0.264637086522,1.2771449115,0.591874578592
-0.0767190532739,-0.415955607036,1.89220376848,0.174146075286
-0.0465589876845,0.401043187149,1.98206090384,0.264458987544
-1.66726975042,0.973232632597,1.41574993804,0.797860500223
-0.0615245710894,0.0932980468127,1.87633735791,0.1967510438
0.51555917695,-0.334062297209,1.1013522857,0.396346003193
0.151261765615,-0.445056008431,1.89264808333,0.380549080112
-0.794764412407,0.858885461429,1.08275378654,0.431319403036
1.19684510639,0.768939131221,1.20118926221,-0.854528170393
0.250509421651,0.2066852318,1.00913833645,-0.446709280696
0.264473886575,-0.0936573746421,1.30146962804,-0.85033385505
0.0291126198872,0.178730167105,1.90970715236,-0.740027185302
0.612334207365,-0.227327950719,1.11687007401,0.794485304909
-0.783651367064,-0.57619827561,1.02073507756,-0.510189670598
-0.0420067339289,0.814728592815,1.93211387515,0.0529222833436
0.781469824748,0.899081467931,1.5611076169,-0.485320144956
-0.144193794552,0.0197431626585,1.59184508027,0.370262479802
1.21828131527,0.951672821661,1.69516301332,-0.911925967136
-0.10005174113,0.3725512409,1.52777837427,-0.162447465635
-0.40957944686,-0.842115109252,1.87553603341,-0.455055322231
-0.172837292082,-0.383735954472,1.40317664629,-0.096279889802
1.64521596599,0.653570554736,1.17880173094,-0.962464306788
0.389782157877,0.523489711743,1.62860491296,-0.695123517031
0.157607938475,0.00271901896399,1.22495960631,-0.290634281978
-1.4747739517,0.992099161331,1.2140878207,0.511151737911
0.91642910619,0.896608115129,1.51963366237,-0.652012061175
0.0650432450648,-0.365567461099,1.49654631525,-0.293419530223
-0.272959865747,0.221776080702,1.258110308,0.436866045099
-0.780174929475,0.68517759492,1.4636310358,0.696382897195
-0.711740966612,0.695509122863,1.6763606627,0.608082371828
-1.52143214689,-0.714314199697,1.06365820568,-0.837316913792
0.807819375647,-0.93011938817,1.77241514349,0.950640674974
1.01896447335,0.928875703398,1.00509388298,-0.284894570611
-0.569419511131,0.622184696293,1.80225771988,0.525795819877
0.486811921469,-0.437137886747,1.51866396726,0.24109125917
2.3368032489,0.974135723219,1.12041914497,-0.82461979522
-0.100091218528,-0.556175101869,1.46426173211,-0.220672369472
0.426074436074,-0.690949073115,1.2305850565,0.391378719667
-2.12741152575,-0.853419870646,1.05763408767,-0.914900990009
-0.233108456301,-0.91273819874,1.46752128814,-0.241698334324
0.509194050321,-0.893909128631,1.60598583486,0.738834518211
0.162856655259,0.656399752766,1.6543342748,-0.64468636912
0.0900664827463,0.116851410641,1.58439693025,0.0852849187935
-0.531971522421,0.467488737596,1.73098736359,0.746091926669
-2.16458229553,0.860042824101,1.00286570355,0.756812981154
-0.0262173439401,0.115365345893,1.80859322194,0.125246339976
-0.178891030773,-0.157095488685,1.74267991709,-0.599731292993
-0.123799351284,0.435351365929,1.8285980339,-0.051722851042
-0.00840165400705,-0.466364419097,1.56473875488,0.132615273575
0.36874209275,0.365392124883,1.58232312327,-0.667173780641
-0.00955336238421,-0.157191434218,1.46042585737,0.925880051979
0.844566587103,-0.909338436694,1.32883189824,0.327270400614
-0.433123147914,0.510621986042,1.90255771299,0.117212434414
-0.253044125476,0.0394102028454,1.43187022823,0.85683344207
0.0954693804261,0.566643579291,1.80137878141,0.466467694563
0.0763622714823,0.224965247631,1.00912269646,0.240831500953
0.299705817685,0.553089995818,1.69784501811,-0.275405475785
0.193371296085,-0.800076409437,1.89414573558,0.296115969042
-0.558533555321,0.524292281544,1.05054741296,0.394146848917
-0.551388472672,-0.574312934316,1.63643551718,-0.306810345354
0.226166191197,-0.979964794707,1.80381704008,0.717638999791
0.100342151614,0.146095208637,1.61353878903,0.698812172146
-0.861615602911,0.673763519665,1.23945354825,0.647403390665
0.573871196538,0.243660607245,1.06447697377,-0.961995574186
-0.118942927576,-0.385154296488,1.83031608347,0.141032686246
-0.412743266625,-0.468735576738,1.67990689333,-0.651516105507
0.109576602885,0.458408454569,1.76450290719,0.376526742613
0.138619568297,-0.17677899427,1.55410995466,0.361157881034
0.547570867101,0.612171902228,1.26577945097,-0.606477484935
0.0893140739564,-0.0332518107781,1.24832055086,-0.0606071407904
0.27299652804,-0.353663086887,1.37088022133,0.420427739308
0.229169154647,0.666249965908,1.98387465564,-0.290933907004
-0.106826338282,-0.0771937177162,1.64065929052,-0.333909161681
0.631706551599,0.456045791191,1.35167603943,-0.684392721605
-0.462678489263,0.676588195208,1.08456645434,0.335714635701
-0.403031175037,0.490606954466,1.42719703784,0.7537268169
-0.061372984632,-0.448494542162,1.24714061026,-0.282416680099
0.0397586591818,-0.013201468378,1.30071776151,-0.152033744097
0.907035471373,0.961870777584,1.50919259731,-0.536289421216
0.469238115877,-0.72257003421,1.84158791034,0.789922851751
-0.190412903299,0.203252810383,1.83325722207,0.526997205852
0.213896342711,0.175462706454,1.73117969051,-0.224853700591
-0.111672063317,-0.788607815139,1.58851137309,0.301158726463
1.17229322002,0.462547003578,1.15882323385,-0.847997110825
-0.0770845141478,-0.634839120262,1.11764204983,-0.172103403916
0.438292840222,0.249164449305,1.07319434501,-0.773214524852
0.313468350678,-0.147299016095,1.29319018458,0.887425191079
0.44505396701,-0.397376579987,1.63740524441,0.986430510771
-0.262763314085,0.479344195128,1.2739877475,0.108566380113
0.168146035134,-0.0661402615659,1.15124124282,-0.557395343271
0.0206327252149,-0.187503522347,1.31942330253,0.498949036373
0.714738634349,0.486103207365,1.58756506143,-0.843265183851
0.687415632996,0.926039096977,1.48942559746,-0.541079122068
-0.0992963948775,-0.363812936923,1.4777876595,-0.323005941974
0.00348692238036,0.197271738539,1.79724933482,0.119545848633
-0.397027408089,0.306275760019,1.5268364897,0.891121698163
-0.318961137453,-0.353900633806,1.60452576162,-0.606584823857
0.131266275778,-0.200830237099,1.70779514758,0.709280586722
0.371228330911,-0.649294904604,1.63697971272,0.258725384215
-0.103837943611,0.495789729144,1.67226247109,0.0542491742755
-0.168945686725,-0.714101687533,1.27241549641,-0.0816193969258
-0.245788863919,-0.657638401557,1.69586568234,-0.678278775312
-0.258608401488,-0.373544420917,1.88439726403,-0.489876197335
-0.659427781313,-0.612386408212,1.30480074762,-0.621790942963
0.461782236456,0.682483518705,1.47541550229,-0.423649907433
0.164790434555,0.211397848163,1.80453994149,-0.403165179608
-0.881066719127,-0.949244038659,1.24634080008,-0.450970417815
0.554965478332,-0.67886945825,1.28396547386,0.598457243941
-0.830517747952,-0.644777135767,1.39065011498,-0.791203517304
0.710186304953,0.362671401519,1.47298518626,-0.973105315526
0.27397651283,-0.571211227166,1.13133054012,0.353597662462
0.216385033778,-0.0314916211755,1.39880713492,-0.88007779125
-0.82905262108,0.76555577191,1.08480766869,0.331808840984
0.545338246996,0.599775925793,1.54064807698,-0.726679965871
-0.0372948565462,-0.0359679149812,1.22642436473,-0.0684122110581
0.269704788644,-0.148629010441,1.08927506737,0.72596330276
0.395907584961,0.24886365162,1.32056579295,-0.664043651207
-0.0137047217789,-0.0512187433873,1.93084954347,-0.591782649089
-1.0424371943,-0.180309547576,1.00314002351,-0.928228467966
0.211159705845,0.69457436407,1.84139382399,-0.0562931610628
-0.286485534291,-0.210342682521,1.77975334498,-0.345918629939
0.469554804606,0.514687216424,1.35273374023,-0.616330725291
0.140206943189,0.418915401569,1.72624535035,-0.409746147279
-0.405668753386,-0.383559350172,1.9665677093,-0.534477724331
-0.032897445324,0.579860714025,1.56278068647,0.040558787242
-0.189811902979,-0.750644188302,1.75026218534,-0.672807537369
0.136257356958,0.734088060857,1.60711792116,-0.102486214818
0.133465017549,-0.61010749535,1.95456944097,-0.316783006168
-0.103675258596,0.177966326228,1.09097583316,0.428864412777
-0.245957780156,-0.166415889104,1.91746923148,-0.376037498211
-0.464948866385,0.807906949204,1.36966212621,0.458261966719
-0.19758390744,0.176184799629,1.58156690084,0.881123578674
-0.378912419902,-0.636100120588,1.72716641236,-0.5877928999
0.0767446955045,-0.122613358726,1.77514405753,0.20428791927
0.236740098759,0.475562203155,1.61231911157,-0.256205491603
-0.0119486193795,-0.827325368174,1.99863254368,0.146429924348
-0.639954591797,0.758358131283,1.71145765066,0.605100398247
0.811432355144,0.545189835802,1.08456355458,-0.2775676454
0.310298602074,-0.224601926189,1.47212480329,0.422441142945
-0.362071757431,-0.224904266168,1.94647014189,0.514165296196
0.548406466095,0.914754971994,1.32824535301,-0.394371236209
0.0979205234799,0.697642331914,1.29248712518,0.0626776883014
-0.343273799501,0.554165291226,1.987549473,0.612436261417
-0.439213027958,-0.563281489378,1.17773659997,-0.399913256956
0.604888107233,0.932123998492,1.91724817452,-0.708010989664
1.38192343385,0.901453802716,1.45325736631,-0.909702267965
-0.10486091007,-0.73930650909,1.80705368458,-0.514488555727
-0.136814891276,-0.367731616556,1.32902726168,0.240379864635
0.0849003748536,0.0915573969842,1.4271742449,-0.573648556046
-0.325345500378,-0.454782436316,1.63500323334,-0.946442994826
-0.400141485082,0.0579957955209,1.23457246279,0.456100014818
0.93249107921,-0.636625946082,1.35859937302,0.842179806374
-0.0500247647788,0.880463938345,1.79926124279,-0.143523379279
0.080256914807,0.22851362948,1.53007109499,-0.65524383229
-0.254099199014,-0.529946285679,1.72295588817,-0.555582206728
0.228160287665,0.274240833644,1.50936809765,-0.449963452942
-0.139990542466,-0.259108587615,1.3502897487,-0.845552872396
0.0259657472799,-0.936643614213,1.38700148754,-0.0916238428164
0.0285024663566,-0.214552554072,1.01600583817,0.0503401095708
-0.0827185044425,0.102421829125,1.5219653692,0.317490906637
-0.593468128084,-0.784175838386,1.88251570862,-0.647296460645
-0.538730182917,-0.755695256859,1.88352215069,-0.584868204496
-0.388386214869,-0.383394885231,1.27217429975,-0.869851101031
0.436092193417,0.156790189684,1.71568843977,-0.422857178827
2.21632131174,0.722260258024,1.02915602125,-0.996897101706
-0.246267075105,-0.510779558113,1.75166840813,-0.282343352401
0.202712816436,-0.111876288678,1.72888333912,0.487858173895
0.46573674585,0.560153441545,1.48029941631,-0.659062019104
-0.124415341319,-0.336145992325,1.88349537377,-0.86126526341
0.207062916696,0.0306147745243,1.20071422049,0.0652556787602
0.164723162828,0.319275004443,1.53321389853,0.175233532042
-0.233286365376,-0.0964523584207,1.94774326751,-0.799278962957
0.643166089019,0.359470770685,1.06572124259,-0.451690668646
0.982792874905,0.830035648505,1.51357923377,-0.504609789091
0.865630398816,-0.648589626811,1.44629918573,0.792792173839
-0.25168673,0.64342076841,1.82736355035,0.946234795125
-0.0966666175445,-0.748136183664,1.62347224277,0.293609066422
0.171601719847,0.946091652767,1.07872261925,-0.217368701449
-0.393303010945,0.330308384711,1.61429219576,0.701755758957
-0.174515185572,0.0917447834219,1.11583433858,0.133160352996
0.611922154059,-0.972780024276,1.99552348917,0.784175052507
0.169100043849,0.67963906683,1.73007905291,-0.370994671917
-0.0834239257815,-0.000423401197159,1.15371485923,0.55012000417
-0.0140977518518,-0.0902071307639,1.69115131501,-0.966236398003
0.0579246147613,0.627854242216,1.98429719582,-0.236030373156
0.176622619254,-0.266579972036,1.43871278603,-0.0420281437304
0.382165276531,-0.370794119204,1.83793047359,0.721235702532
-0.0482041676266,-0.0347150797019,1.50493057426,-0.70592999175
0.383732313295,0.454140559785,1.57202663769,-0.739366269024
-0.104698393724,-0.187322657185,1.66162815924,-0.809516728422
0.490863390447,0.748653697612,1.8753700845,-0.62293858368
-1.65761701057,0.909842695252,1.03508114223,0.65175502316
0.100379110552,0.730738094243,1.33302618982,-0.160626623401
-0.215673086359,-0.426880777648,1.797910714,-0.729723026264
-0.0829609661631,0.03012798082,1.52658587387,0.859713919991
-0.15957076524,-0.12339791964,1.33205256903,-0.397152432791
0.418795260989,-0.768952626707,1.97197048194,0.396749463136
0.208100670792,0.306281603099,1.12919209134,-0.557236274336
0.0299949459618,0.0693938307731,1.23607490251,0.386587108455
1.69788719943,0.721929876944,1.11291614042,-0.979248779037
0.0204658014646,0.781797060667,1.96642810759,-0.56842389751
1.78697323015,0.579298368945,1.03065527423,-0.823651644368
0.417193331481,-0.248605012846,1.06283231426,0.603213447376
-1.25712468461,-0.678451918981,1.285718593,-0.95012761597
-0.885350147706,-0.618440147626,1.03268210642,-0.470948584138
0.602162791558,-0.68994463182,1.10479471908,0.291619535479
-0.204205655353,-0.383339454131,1.68359465111,-0.806360698528
-0.0560875449393,0.182091743141,1.57412013987,0.91113985991
0.291167114405,0.280231754768,1.98422173295,0.353131999956
0.323421514991,-0.931446045643,1.99717004667,0.677435037067
-0.467339268481,0.281476026418,1.18515542132,0.618757569787
0.101965939044,-0.227258331923,1.88094534798,0.299747847555
0.883964463805,-0.51536197601,1.00489150035,0.479334765204
1.20055388816,0.442873428649,1.12986271832,-0.825015261321
0.247205067589,0.0645263196563,1.66383693404,0.36989132593
0.0562115782125,0.23421843033,1.64962757914,0.367930774941
-0.414518737753,0.44854170167,1.76203070044,0.472800419846
1.50176782885,0.953229811082,1.16367708059,-0.696761380707
1.38380126025,-0.632904062917,1.04264730708,0.850575309854
0.156459873745,-0.586508955353,1.84702216201,0.810430330078
-0.314624616734,0.0032675850759,1.3209345002,0.672724804271
-0.869753172618,-0.63002602942,1.84793519683,-0.787478674774
-0.223789731469,0.0601908359106,1.23161166428,0.0437270511435
0.103390458121,-0.152938034238,1.69520354362,0.79045447544
0.240325422721,0.0943958024905,1.93746128075,0.216976079403
0.507734463954,0.581179987796,1.96273453475,-0.840030482448
0.187727626753,-0.289828754175,1.38477267862,0.175760150672
-1.48858451183,0.68095668857,1.03585863924,0.657867219291
0.517447662083,0.481729680585,1.03982648381,-0.454658333821
-0.127364701212,0.488784860734,1.18833701638,-0.1470014697
0.664166271213,-0.930470659578,1.35049401941,0.205424915708
0.354994949274,-0.351853273215,1.70026260164,0.619467185014
0.240019199135,0.35317017584,1.03157300465,-0.488446950701
-0.446661175777,-0.974930730977,1.43701935107,-0.411384332668
-0.0397858538694,-0.0255320895831,1.2702902696,-0.707975528753
-0.013977687499,0.612592739562,1.48035366533,0.12026955432
2.06731388953,-0.943753957979,1.0649134541,0.810107483449
-0.21044785938,0.760373612377,1.81409147404,0.456026582513
-0.251641251606,-0.813375568017,1.13388611208,-0.149002726894
-0.204558877695,0.656150768092,1.82941500522,0.51062281689
1.74106017218,0.865297442018,1.19297162636,-0.936671006042
0.609701835541,0.376209410375,1.6461069336,-0.838509880558
0.0882378715832,0.694955376341,1.2289403063,-0.0710479455984
0.435040764164,0.36476082327,1.79124977418,-0.81828556603
0.0923951598336,-0.226660801014,1.89153232677,0.444803424541
0.126161990237,0.0802084528323,1.17873888073,0.899605932161
-0.543702598301,-0.825223079334,1.33019810543,-0.399460049852
-0.238422184666,-0.218737674916,1.84175244537,-0.472053378074
-0.394570509943,0.98760322749,1.06938196399,0.204617859879
0.0947317256313,-0.0692867204458,1.57625782619,-0.165499316189
0.0376124330679,-0.0633870232386,1.00288714272,-0.769851606125
0.80510937516,0.852726439969,1.75606567357,-0.623645343586
-0.0026370281761,0.114204616955,1.65948429387,-0.575916223087
-0.078851335822,-0.295108852511,1.01926944205,-0.297112368362
-0.439634431772,-0.24674490421,1.08572416031,-0.506733088642
-0.322791774142,0.00641514895974,1.03284841892,-0.5705276426
0.0331372788047,-0.223565153161,1.94626568906,0.894788517359
-0.323530825755,0.212926897299,1.70112705404,0.305536865947
-0.145139449369,0.36399713015,1.85519467094,0.805567691297
0.438528479209,0.0721917169314,1.32083877738,-0.0655293502696
0.599072751187,0.972874264996,1.75170664536,-0.741214546021
-1.0394938982,-0.803613426962,1.30295403816,-0.662363968143
0.066972515035,0.725367896568,1.23196809828,-0.114720471678
0.976992293377,0.516627798232,1.10533721687,-0.578519205891
0.857598608768,-0.73787688335,1.54153736297,0.623488265949
0.352727250921,0.640846805445,1.41782481113,-0.503318346212
-0.631713374554,-0.359539083195,1.08332828822,-0.701798550977
-0.630734878397,0.360396396485,1.15859254,0.446598892698
0.725753736404,0.462780703058,1.13201347635,-0.80202793747
0.0349415766109,-0.0455500523995,1.60169981094,0.43795024499
0.24954262719,0.307479712091,1.65414509663,-0.779193112191
-0.0556316216326,0.1139184246,1.61630904152,0.0258426843371
0.124629278564,-0.0216439205819,1.63788927981,-0.862461463755
0.0214934041158,-0.246714069461,1.61117255275,-0.175871824017
1.05186622418,0.645333953542,1.31705956843,-0.903386645383
0.595076579301,-0.329258854388,1.06528437855,0.618478553519
0.128360193394,0.729380098211,1.80076800468,-0.404446567452
0.995102252588,0.582589682445,1.19336012265,-0.746653866599
-0.201646598282,-0.523053951593,1.91863852668,-0.933484598649
-0.400769461672,-0.559584731758,1.71204720244,-0.979023228189
1.23733797789,0.796470279515,1.11628996048,-0.667698414437
0.403607794753,-0.428028484614,1.19210193334,0.544473710756
-0.174314190953,0.814937028041,1.06790222379,0.0987024540518
-0.737400668803,-0.620045373907,1.4569095941,-0.770180151722
-0.525194000919,-0.541772277749,1.41093354157,-0.702828769273
0.193674653525,-0.207449806515,1.77259261545,0.432573464917
-0.144419612547,-0.106755611609,1.15689325634,-0.391140863955
-0.410334806282,0.694928133908,1.47496175388,0.162756121059
-0.0382131019009,0.36603471353,1.90652753467,-0.0264321166104
-0.622198301794,-0.614835524136,1.68480914811,-0.925417879224
-0.285723733688,-0.837550782807,1.86096696784,-0.194662005164
0.809322445546,-0.591967456824,1.44005984741,0.770017248991
0.0784262422539,0.0784627838082,1.83994355862,-0.70442312343
0.243957296077,0.145118683745,1.55765794724,-0.543862249978
-0.257658932696,-0.666868232445,1.28108701076,-0.208666475627
-0.19733955377,-0.299487141645,1.50645719147,0.0552554671678
-0.462930364383,0.194182633531,1.23118396393,0.796569919195
0.962328421918,-0.728970913032,1.17790041972,0.847180452761
0.0882167550046,0.212361058177,1.75296982782,0.446962496478
1.1829855114,0.855657915017,1.45229425186,-0.921522585542
0.493438163357,0.838259753421,1.32922521126,-0.239348596293
-0.192578165753,0.189357611931,1.87325601391,0.46484558009
-0.368148474775,0.186581362631,1.83278454452,0.592051340647
0.0854599698705,0.0181450564599,1.53995836491,-0.852577448368
1.06903572271,0.85406398447,1.42680403072,-0.883410739615
-0.151045333355,0.86678992209,1.0342326173,0.0244310537429
-0.0664077179936,-0.296654741181,1.77366531456,-0.346300100861
-0.534741726501,0.561474461885,1.71378708681,0.876632132411
0.753706628713,0.441125575776,1.06806975861,-0.760901665409
0.309723850567,-0.230376881196,1.66470556189,0.797234434732
-0.103347790565,0.339535726462,1.39277974909,0.139974954166
-0.210170411543,0.644816202439,1.82325323168,0.278999846326
-0.111661251645,0.245900762859,1.5548362592,0.678541065802
0.212256866697,0.347275788302,1.61746710692,-0.767864466077
0.364049726885,-0.534146590731,1.50172625415,0.334786782951
-0.0615001638017,0.215932697319,1.77028790155,0.791355362107
0.0305166045746,-0.974922834919,1.26221631545,-0.163009104901
0.0597196771603,0.00455259508882,1.24981256217,0.904272528369
0.403772385486,0.552292527271,1.41515827403,-0.357428743803
0.0775257536406,0.442995791339,1.69691451763,-0.01200339356
-0.0737721854516,-0.283699382825,1.75440471903,-0.258760529232
-0.452982996762,-0.937592949932,1.87166628564,-0.797865788089
-0.0691435302364,0.0805083299997,1.40034299526,-0.163062869377
-0.389039417812,-0.639608883619,1.97705656252,-0.562710432164
0.249134334064,0.0209274952899,1.58626565614,0.352708218406
0.30315718232,-0.783934399621,1.93381249604,0.529142198732
0.0124821100743,0.207151315874,1.12861131926,-0.143350713917
-0.572076214635,-0.146728030619,1.11867851988,-0.0280943531637
0.287387190833,0.809839522331,1.57767335442,-0.522535625561
0.0241040103908,-0.732003831595,1.22523371849,-0.24169369793
-0.00911296285259,0.607291350021,1.66519055168,0.623179471348
0.163314807991,0.524765427748,1.85386453839,-0.38905200093
0.690198777994,-0.21789525994,1.26425740673,0.897991096026
-0.182711584039,0.393089498317,1.62183859708,0.162338993491
1.4123490181,-0.918658558629,1.18341148019,0.774319428111
-0.394205025603,0.470938689447,1.74031823898,0.123474402518
-0.938523984047,0.74211169157,1.24165618793,0.846609303859
0.151547914859,-0.0878315555327,1.58801424735,0.522151447325
0.998106540233,0.624389528263,1.48533036257,-0.795899402704
-0.21119497095,-0.466473920529,1.62797685695,-0.591261019101
0.17150702569,0.241007763172,1.53309084881,-0.83914443434
-0.939124357035,0.613269120801,1.51773791384,0.524862326715
0.3015294363,0.903947791697,1.66295567709,-0.399305440391
0.381495193931,-0.557418619274,1.21321653832,0.00769405236015
-0.190733408686,0.937561483194,1.39456250049,0.131743688992
-0.19342078438,0.00381597048439,1.40266877053,0.0088713749192
-0.52008195277,0.759873053832,1.58323629984,0.311193434174
-0.544472410267,0.865146498315,1.8636399137,0.915917796876
0.104272093937,0.798874275152,1.78024865091,-0.00514459762619
1.49252654323,-0.691271836872,1.0860697,0.937987809529
0.698399333362,-0.931295032698,1.65765683805,0.724364311402
1.08704031592,-0.406448521174,1.10449242136,0.923391248263
0.640519368376,0.442798028442,1.49812213695,-0.611632500044
1.16741722613,-0.78372239927,1.31654875786,0.983313334496
0.524670243965,0.614674224678,1.55837236012,-0.933903096201
0.100463714343,0.0412256312327,1.83458052589,0.346936920098
1.04152270679,0.867165681867,1.54813011279,-0.536590760413
0.194621145067,0.591280454427,1.24626591902,-0.458026804291
-0.580818358991,0.344912468056,1.09646541466,0.399123522311
-0.319412505968,-0.549504708646,1.86023616356,-0.304698739727
0.990933446364,-0.868156922639,1.32837610066,0.869394077321
1.01354704251,0.638810826361,1.11177633817,-0.548945040629
-0.257217257316,-0.496854606745,1.99012470778,-0.682569460894
0.0825716476878,0.708675006619,1.9486521348,-0.178971273854
0.384703868569,0.825023489586,1.72054794325,-0.321018690589
0.42736072814,0.367768948474,1.09293446292,-0.582090444801
-0.642156882045,0.907048742407,1.57890748485,0.149233638402
-0.20493247224,-0.287196877794,1.4839733252,-0.375801179313
-0.946983910944,-0.832236840274,1.38782738883,-0.819638840083
-0.391021649714,-0.17413578253,1.50307465569,-0.993602530656
0.416137258137,-0.229613254138,1.00363731135,0.0822284894078
-0.655239489564,0.880588637579,1.17541937069,0.338658826263
0.165261648015,-0.133752017901,1.04301864849,0.218522303253
1.3383606496,0.764375112552,1.2831969199,-0.887030645035
-1.30819982442,0.713325034592,1.03617462497,0.668895860149
0.703126818431,-0.541802343659,1.15435772693,0.533188570171
0.17717594275,-0.275917088287,1.3275926872,0.201892783534
0.327132886572,-0.586880434105,1.40874764966,-0.15914039031
-0.126720046306,0.457279594248,1.54301159076,0.159591847975
0.246107823391,0.0900111747827,1.23733408001,-0.374463316825
0.657018456767,0.948568571051,1.8658790794,-0.825571222011
-0.128014215255,-0.0298886403344,1.91086111102,-0.197083285169
0.27361058542,0.392269063433,1.97412130528,-0.855539788669
-0.46982820945,0.781815986049,1.63056067371,0.496125440197
1.22903998017,0.847498328646,1.55957188107,-0.909982831039
0.477393902292,-0.957448884607,1.60367706379,0.0629675918776
-0.191330577548,0.327135277476,1.51968305188,-0.287240317277
-0.187816329595,-0.0943134911286,1.26169534539,0.337655203635
0.507499206114,0.171167785915,1.55604264649,-0.952135186006
0.161527686668,-0.562090246191,1.69633362869,-0.266798328077
-0.647619022359,-0.707994365638,1.60584821365,-0.45473479509
-0.142020409346,-0.0482338947355,1.84421431338,-0.978721455621
-0.0511746350692,-0.320443701674,1.84707697988,-0.215852380175
-0.14551733531,-0.489700612153,1.73616198055,-0.299457960185
-0.882394587458,-0.626566526842,1.52486231151,-0.927460837287
-0.825587843282,0.337859314647,1.07499602558,0.899844303576
0.373376072655,0.202726858393,1.5273900753,-0.583592726195
-0.622335800095,-0.881204265636,1.21250775028,-0.412929901053
0.393644453087,0.336654903471,1.60593972673,-0.289444761997
1.30703768443,0.995208511593,1.02727771744,-0.420333246797
-0.979797116151,-0.28571660808,1.22892401039,-0.853762321264
-0.554426778164,-0.334096393526,1.79731652827,-0.881695414915
-0.00182963675251,0.683793043452,1.64650358499,0.200223618283
-0.59898262059,-0.969843237431,1.97036851151,-0.838787134239
0.186811593722,0.0406334922482,1.30088714173,-0.334962542045
0.0673156720045,-0.0365038149016,1.45864079099,0.793253744032
-0.537424031806,-0.510108243871,1.60867654869,-0.754028962655
0.267060485644,-0.156472039667,1.14123744871,0.66124111054
-1.01550504409,0.882378311976,1.2642611077,0.488694043125
1.07858645283,-0.552814142582,1.22977563233,0.951740906744
0.0654664454483,-0.152582236548,1.549464934,0.461849963356
-0.237959364703,-0.0723910067949,1.11380605923,-0.437825705871
0.525084896592,0.675939239132,1.97738396173,-0.565543093545
-0.790217047139,0.881992786788,1.76522778736,0.867295573267
0.388351857067,-0.293529527063,1.24560362342,0.46577025434
0.878187025636,0.737006473211,1.235123552,-0.340885359504
0.134228807263,-0.0620133802449,1.68809997717,-0.583961709298
-2.39688617479,0.871476978019,1.05603878357,0.888100761361
0.279107497874,0.846954170494,1.42593090774,-0.265676327848
0.404027351907,0.119638461386,1.18194089764,0.0383356669381
0.295762394775,0.751428064137,1.12513226766,-0.246043542131
0.710785073181,-0.368670038028,1.13110312166,0.635163824978
0.0584176924561,0.0220018950624,1.64413543094,0.537441919323
-0.293142995465,0.656912788455,1.57912587285,0.519367444538
0.280216217433,0.995237808123,1.55576704145,-0.256626076337
-0.183884407312,0.90414284301,1.64467268389,0.350253809114
0.346882073403,0.738939789713,1.68473569908,-0.384600025411
0.731236614237,0.581374989319,1.37481813846,-0.362489707608
0.425827648073,0.306234041183,1.22132747504,-0.669045353639
0.407174779273,0.81000354942,1.85722469609,-0.406888276282
0.527955353012,-0.478885414997,1.41892445888,0.735780743902
1.15330548189,0.85469618791,1.23820327108,-0.589800535784
0.412976273103,-0.0783409476483,1.17326541188,0.685442237911
0.357130730499,-0.665481754218,1.54953376424,0.714941527043
0.11334171305,0.298707548007,1.68794967846,-0.142251557255
-0.148716311316,0.263732509122,1.95674847779,0.413852099476
0.858506454146,0.2633151371,1.05420374936,-0.812794518615
0.594730206345,0.831170944362,1.94956243392,-0.715368167821
-0.111674867594,0.328648622285,1.62743187626,-0.119782734669
-0.0538015343224,-0.855439436502,1.81951716245,0.204542907838
0.254067786453,0.896667499706,1.36410506191,-0.287521852022
-0.33415701045,0.0190891892599,1.33202701297,0.194884922718
0.000801152178984,0.189479900888,1.69057907114,-0.480171811592
-0.163543032447,-0.305079427722,1.83865563503,-0.316809039923
0.270935666076,0.033404335764,1.70370209702,-0.15717991706
-1.27419969135,0.591576031645,1.05123090299,0.89257491997
-0.610972653353,0.15209870252,1.30600460036,0.246361164856
-0.69719257493,-0.242409244063,1.02393730682,-0.749001955831
0.380110336823,-0.32383063212,1.51669808824,0.932758503022
-0.105862760221,0.0456007737486,1.56192892792,0.345853903435
-0.00848136855828,0.540111552292,1.79670805682,-0.275398789252
-0.0599995217789,0.105440756032,1.98258758196,0.148700746184
0.436954366017,0.809575577002,1.57809079961,-0.438984377056
-0.0326456823018,-0.824772211749,1.24012069964,-0.228743711128
-0.287953671878,-0.266117307202,1.3247375295,-0.574217249193
0.116562642084,-0.572456635424,1.7697874038,0.197250759569
0.326744672817,0.287720428327,1.87927142261,-0.460527759464
-0.372979405392,0.513362195351,1.79255236125,0.385938596997
-0.0113534634396,0.623423988185,1.08864687586,0.10607181422
0.627689935936,-0.789233958832,1.91482950859,0.442294703179
-0.157567088112,0.366714468402,1.87004862176,0.888484941941
0.0715687469848,-0.501554335652,1.67203576807,0.15889458253
-0.230003984272,0.267814088884,1.89585617802,0.403379589103
0.045196607884,0.316436425227,1.37162048499,-0.330179161436
-0.396065622228,-0.514590719396,1.38463941174,-0.217150371871
-0.14977316435,-0.558261899594,1.94823843363,-0.161873519604
0.328550364169,0.250117817902,1.3191022981,0.144985204481
-0.264311798747,-0.0786172228268,1.24053800242,0.250245467353
0.361649694094,0.560935407322,1.90332283628,-0.997521601216
0.302924429078,-0.0433145361193,1.40866061279,-0.127651745309
-0.433413351827,0.212760282913,1.24048402511,0.802895880263
-0.0287348811741,0.186257393348,1.87227794542,-0.533802651826
0.256248217755,-0.109042178964,1.2075506802,0.00701173916735
-0.17522225916,0.49449755903,1.4624787277,0.391073328071
1.43781293927,0.849490393706,1.26885928208,-0.82703330666
-0.416000086108,-0.49291756484,1.70744672967,-0.949997418827
0.920533676801,0.901878557425,1.35216380671,-0.272655719123
1.01005799604,0.836686478835,1.38872092119,-0.967086902598
0.53002279144,0.766505541585,1.35945564273,-0.112607983149
-0.489785484987,-0.407113470397,1.36852243783,-0.955942155124
0.128831414453,-0.120655718926,1.75128450845,0.039658651649
-0.517656271636,0.261022551256,1.0788830213,0.422155884601
0.172461766144,-0.572808207929,1.81147958557,-0.0983625270691
0.8964217211,0.682818843393,1.02318452403,-0.49939989748
0.352732519858,0.201831827091,1.62827812928,-0.881287046177
0.836069908112,0.879460857208,1.03010155153,-0.321598441657
0.0722931751987,0.694864960641,1.74601484233,0.353276224668
-0.00667515021328,0.894025728472,1.9893759694,0.0474948055856
-0.0535235166375,0.145960109393,1.4659190523,0.392652056554
-0.305045205241,0.303507270207,1.21079870519,0.0767146970646
0.0263596430301,-0.34569598809,1.50885569076,0.475089534784
-0.112151606164,-0.468945664476,1.80093927809,0.550050249422
1.05251435107,0.885379893745,1.36642131024,-0.531609354675
-0.0660891000918,-0.347598399844,1.58143162248,0.173882783353
-0.418723697588,-0.776670759146,1.41746320599,-0.26305629862
-1.06737289311,0.546486291543,1.23181324711,0.870407173653
0.418941995782,0.232491233042,1.15568260334,-0.575557689407
0.133582719406,-0.530829297426,1.17319297704,0.447608809747
-0.0233699794873,0.278467146416,1.56883954726,-0.282652362685
-0.359960582151,-0.0212552947994,1.38037750012,-0.679502209717
0.519821291183,0.703609421217,1.5650532587,-0.634686816734
0.628403206501,-0.660468303447,1.52323463967,0.617257040168
0.232254702171,0.686509965213,1.5956775675,-0.412816446684
-0.395540650941,-0.609159493921,1.89243278665,-0.650178087966
0.417916702995,0.486869711331,1.45880845556,-0.298499801477
0.258953398872,-0.0300796870964,1.99053162136,0.0102829724449
0.166278305175,-0.0166149779079,1.11029641352,-0.210563580274
-0.307188769709,-0.283033336621,1.66599932534,-0.580737878849
0.404993120991,-0.759909737927,1.48141396365,0.068961686822
-0.652089165499,0.578424193509,1.84695814123,0.861792133014
-0.370560812229,-0.931164283798,1.23889792844,-0.372821370582
-0.543329575736,0.648600189505,1.03957527864,0.146786330608
0.477372038578,0.255964756751,1.82306653316,-0.88798188662
-0.613394896995,0.814731154806,1.31554028737,0.436719031487
-0.499007159195,-0.269464440517,1.09850199135,-0.639957371968
0.0473701357401,-0.557131077764,1.70511179487,0.454556928389
-0.266609459348,-0.715678999812,1.61513027297,-0.5819502534
0.425917013671,0.758804374929,1.86380065736,-0.542374966937
0.0625642648878,0.0418267730527,1.50343525486,0.888679535835
0.473555565626,0.435489017663,1.0030862052,-0.591613323731
-0.134711807852,0.268895433154,1.21574076346,-0.630827852058
1.02634499815,-0.736270453756,1.63260435152,0.774884951819
0.320153782248,-0.222257964822,1.19744414166,0.769393142071
-1.17535468451,0.730006968942,1.25878746414,0.763852892392
-0.038844995892,0.873760819162,1.11293782142,0.119358783703
0.286704698227,-0.449490701139,1.3234265666,0.422097334
-1.19481762176,-0.958212123024,1.46259095728,-0.920670828457
1.51213552234,0.897801537431,1.20832703316,-0.85703493407
1.12638000581,0.989707679634,1.19059986992,-0.504333575065
-0.150870323066,0.78850885157,1.84832552197,0.182242845684
-0.579133469206,-0.497374986425,1.41364185157,-0.72061184093
-0.182401691177,-0.255356586932,1.36719456003,-0.207425313081
1.93330287757,0.903823989608,1.10033207091,-0.726939912617
-0.7454518165,-0.368802810861,1.1649801824,-0.620275973494
-0.281394879802,0.133034739314,1.04750984801,0.598743000537
0.213660143152,0.469276302797,1.91704640567,-0.16956521485
0.146244761138,-0.447809235375,1.05168691278,0.111078466813
-0.182793533125,0.136900166589,1.56849979711,0.0671086475819
-0.232223732912,-0.307957137893,1.88197169647,-0.411789024303
-0.245972820002,0.0341119223999,1.9902457758,0.867091227213
0.00117195649573,0.0941808960982,1.64755752632,0.486857995519
0.319199102931,-0.209416784948,1.55037297296,0.928071989923
0.0715395456862,-0.0247150949149,1.43984116031,0.827279366674
0.333480769213,0.6887750503,1.26318570221,0.0219381258704
0.144438549376,-0.305470396851,1.45184501971,0.471815129962
-0.704235546684,0.489115530233,1.50336990233,0.873543113068
-1.04166793051,-0.958346326938,1.27641866217,-0.45509881081
1.04942295665,-0.738169739648,1.28551327358,0.623606289836
0.369664714082,0.891862472567,1.42945995004,-0.369142761453
-0.139789709688,-0.00530857564557,1.39163494708,-0.307607956207
-0.428117830648,0.889689399642,1.67812472379,0.397226982105
0.0700428205789,-0.619918359093,1.8480342788,0.585756088718
-0.0770097428161,0.429025290672,1.17868238189,0.108062872812
-0.489622867886,0.64726573674,1.94508969286,0.64865822007
-0.706232474277,-0.745578305976,1.65588958357,-0.82682951998
-0.0874750634911,0.25401689262,1.19431740885,0.300394903122
-0.811850810941,-0.464963240835,1.44253456846,-0.797797971415
0.62377263214,0.545415401235,1.38994212458,-0.779495430678
0.969068173739,0.797682641862,1.28747089629,-0.496050480274
0.636072870879,0.832787960417,1.90054302666,-0.981637787684
0.187072137338,0.170979551236,1.88356841112,0.0341341966871
-0.143974703444,0.0319093486818,1.40541144654,-0.769757571222
0.748755800806,0.720636045476,1.60330269219,-0.724221853437
-0.210251533227,-0.663808281025,1.78198758899,-0.47171836206
0.0674163491463,0.531260573516,1.06688973395,-0.0890131492552
-0.252616826109,-0.169304774333,1.58275391262,-0.777079675037
0.163787503713,0.102300330412,1.90757270118,-0.681801699314
0.77534635157,-0.907824090406,1.51093233425,0.661773293643
0.235020563627,-0.655186643795,1.33187341525,0.326163294364
0.632192790589,-0.313720551009,1.12832612812,0.828945860997
-0.205447405419,-0.705341084985,1.66721946426,-0.383772326548
-0.437560231192,0.721772141556,1.58594919781,0.525856960488
-0.00169967001577,0.0758306926698,1.55345827827,0.873877758042
0.697517391923,-0.991021192604,1.77072472553,0.562913905772
0.454062691695,0.296545522252,1.31886833799,-0.979728000087
-0.0546448574252,0.121139077953,1.72716935162,-0.137231179806
1.04546486546,0.984625417474,1.12406215193,-0.482758096711
-0.249315835162,0.35293859495,1.77717936053,0.841722563896
-0.858635314367,0.769930696931,1.51156594557,0.832364512023
0.184668389235,-0.885878416345,1.89415003953,0.185452738709
-0.356381049114,0.834246335647,1.74226798186,-0.121716114168
0.0188872556257,-0.682970423281,1.77527275422,-0.138083097418
0.200850799972,-0.655415851098,1.34939270698,0.203640238315
0.156155204104,-0.187219135206,1.99901043095,0.957695303821
1.68734625981,0.825715690425,1.08322425941,-0.630328102954
0.328544398566,-0.288889795513,1.6643484374,0.835570445218
-0.229314339101,0.335364215108,1.83806453166,0.576882090655
0.118377180533,-0.349304966233,1.68947346365,0.504783904484
0.103664114493,0.248321299277,1.97827561857,0.87611255391
0.701072976621,0.650211169375,1.22433311115,-0.457004549611
0.102413382228,-0.148988541939,1.15096069101,-0.735853836944
-2.06396853567,0.951269693989,1.10673944398,0.708097888164
0.148243952788,0.87158936977,1.55158519469,-0.155429474647
0.677018153168,-0.599753624225,1.36704556882,0.698011924678
0.184064600676,0.391992234987,1.25461372324,-0.0412952565607
-0.0833684171377,0.642926768898,1.75146476432,-0.371730225591
-1.35775252172,0.885392842379,1.24087673179,0.791660239269
-0.276605795723,-0.00591849387492,1.87715178076,-0.2839089246
-0.593869590146,0.840621051312,1.75420675246,0.366563359983
-0.146449407603,0.421402060819,1.94298447945,-0.189423546792
0.202231184683,0.0349529817115,1.57885516313,0.0151900147445
-0.0569698243367,0.373509287453,1.4059391794,0.362840408076
0.321381635953,-0.0381999276912,1.90125119939,-0.677421892281
-0.864477078735,0.983548291701,1.57502412091,0.902093989861
0.716414838741,-0.551118922656,1.6679949516,0.460805763455
-0.985393059264,0.875051344492,1.37211268764,0.660227175463
1.29683067267,0.349036671717,1.05369142685,-0.988285390655
0.560527020903,-0.922377485648,1.59521997202,0.461111537808
-0.020656414363,-0.0449560824717,1.11742562106,-0.327056497634
0.595994803447,-0.301205217287,1.90644191436,0.957891909736
-0.547505828935,-0.465796260335,1.48165283127,-0.540494437148
-0.937827578529,0.96939111238,1.89967260081,0.867172886957
0.60944602441,-0.578043395102,1.07968979909,0.511491591368
0.383538023364,0.184185546367,1.21948152435,-0.583124599194
0.199405708357,-0.567333895216,1.27869415716,0.064055049326
1.13121257137,-0.915287446748,1.067445557,0.517073076843
-0.491050318971,0.293432957554,1.76787876754,0.96572082012
1.05648413599,-0.592446411165,1.32712199104,0.900996370811
0.0303346265082,0.00659589114947,1.61509302454,-0.78935778999
0.115498768702,-0.230349702862,1.78882246682,-0.918735942772
0.307742697556,0.338892187969,1.71604892086,-0.724900508785
0.208778720504,0.358707447156,1.41665287092,-0.236789864695
0.508047445523,0.583270758458,1.83516573605,-0.743881621958
-0.0246900791207,-0.55742250244,1.95327243536,-0.51849762431
0.0860043979623,0.0223919644346,1.81557660752,-0.867564782733
0.978932590529,-0.923055412185,1.25116104453,0.660933966494
-0.918427349569,0.236600430924,1.10464412365,0.993915730269
0.00491136281505,-0.0881083689375,1.69008285699,0.334029097132
-0.248383001621,0.255682073083,1.25614576004,0.944369741813
0.704173456138,-0.854463705953,1.31414050389,0.404042318486
-0.44320269024,-0.400222062576,1.23856883826,-0.584672856119
-0.0554670978473,-0.205362872231,1.64970243824,0.473321773393
-0.297075688162,-0.331740083274,1.52662816832,0.085710652347
0.0556946166755,-0.40054673077,1.00239838507,-0.0930495077545
-0.164010465173,0.161984922084,1.73576903777,-0.0796360434149
0.309099359268,-0.99192598567,1.92827936336,0.194637233687
0.278248005947,-0.25883371465,1.66528606936,-0.169175482766
0.78613013029,-0.666250758221,1.77839869756,0.96157787491
-0.484906289566,0.7954165661,1.82435283633,0.392998178194
0.568599135334,-0.236499891719,1.35040965795,0.692784959151
-0.399236206163,-0.591637355099,1.49516867622,-0.569650418113
-0.503381698922,0.757920468726,1.71758029785,0.643269900777
0.109757481679,-0.0279222263377,1.02275167513,0.476394287042
-0.19760118664,0.333342240973,1.48467002184,0.268909731011
-0.284709855872,-0.492220942483,1.72937697531,-0.176134782468
-0.815734072106,-0.803121042766,1.51297093798,-0.985941571883
0.0996725811032,-0.609968885382,1.95801296763,0.315678567653
-0.475244171962,0.378248861279,1.5866589664,0.70638341827
0.944357982879,0.597766388977,1.68346702139,-0.918216876236
-0.644953509392,-0.476237518935,1.81590605703,-0.935153910972
0.408450226862,-0.37352369069,1.46864181702,0.804647704027
0.42382388764,0.608798681835,1.8430195168,-0.635666847252
-0.215964574644,0.927126642047,1.57429121828,0.238324249923
0.948794483997,-0.589277534109,1.34544802597,0.866048609055
2.21761038037,0.899908127787,1.2325388367,-0.990639569825
0.0385381957967,-0.0539690385189,1.19205054927,0.487424239352
0.0948152748374,-0.0940569222521,1.86380901229,-0.0632175753996
-0.512432109859,0.0601315427027,1.25285276369,0.654379176085
0.131512656827,-0.151441954454,1.59448659917,0.463885456287
-0.313603631494,0.0734664380016,1.09498688825,0.94755072756
1.17431787398,-0.673246665575,1.00497811713,0.661656548875
-0.176473236681,0.0250272168547,1.0852300825,-0.251673023372
0.161548483519,-0.98204297739,1.99727810142,0.0620478655286
-0.312510230757,0.718693743573,1.74519544065,0.505253171553
-0.00157044159362,0.0273248060751,1.64309144737,-0.709263604074
0.366678090299,0.0841954720652,1.72136225224,0.385308345957
0.385931054752,-0.496806494022,1.61417573464,0.373502450173
-0.990284366511,0.890592351586,1.42018941273,0.706265181401
1.54917414006,-0.797175731449,1.04269048141,0.65569068055
0.348538586271,-0.443439484762,1.8248114417,0.714307853041
-0.473150154505,-0.208283245708,1.08473136498,-0.347970167902
0.113993238018,-0.117440039942,1.58664310545,0.185597912225
-0.0167026077626,0.318141414493,1.51194393504,-0.346077659308
0.494671697854,0.687918679085,1.81445447775,-0.596949257084
0.153019664996,-0.0658514580491,1.15314131687,0.720419284509
-0.128694400733,-0.345765826388,1.14829182966,-0.12045152185
0.390405505486,-0.472712549496,1.43614297792,0.893013852242
-0.00732248751729,-0.121358586428,1.24464795153,-0.409364571912
-0.251376282008,-0.419028860941,1.86414907716,-0.538673170703
-0.162849795518,0.018356084237,1.28688737857,0.497123448498
0.719266304801,0.70962368795,1.48377977393,-0.793520724994
0.650292392509,0.621650460644,1.16169079525,-0.640783927803
0.4781901491,-0.20288531329,1.04301408244,0.695385553576
0.255008312054,-0.0835450886582,1.20982512017,0.852794805633
-0.0427103871473,0.260572641429,1.98664888655,0.115609878651
-0.726164553442,0.242761962318,1.61510736682,0.86841875712
-0.18149830401,0.132474462247,1.84369492726,0.441999293636
-0.953610657727,0.879538613115,1.34616546866,0.215899165774
0.192125842073,-0.360258416877,1.45932052418,0.0786936009583
0.863273121594,-0.913922543778,1.25262346986,0.602722029877
0.154902949797,-0.217895447095,1.44068499694,0.701807786001
-0.0866384848337,0.0070183947204,1.14228425451,-0.934715297347
0.155785323526,0.2469435229,1.46249342868,-0.791698436234
0.172164434916,0.933489364494,1.72579780129,-0.337086865806
0.652049396629,-0.792543632428,1.37825017373,0.59286532468
-0.275701010295,0.215306736359,1.24920696617,0.226896868513
-0.4066162064,0.327505574196,1.05892123032,0.507977729358
-0.235522450671,-0.60419842748,1.58427581069,-0.574587678284
0.141231285831,-0.596669138666,1.54153304464,0.517356653873
-0.688120708208,-0.774440905069,1.75722062057,-0.451153036535
-0.582272011058,0.33361269772,1.79472054787,0.989032620977
-0.0397291210817,-0.299828486214,1.21933179322,-0.0781553606357
-0.203428529728,0.202742066216,1.77368122098,0.491537246108
-1.25338635226,0.889291174438,1.60085416627,0.937145712974
0.158134668315,-0.605394464989,1.86547927874,0.355711070289
0.973096961304,0.722822168358,1.38382433245,-0.63478329682
0.00631220681284,0.0663899384016,1.58402431943,0.375302902825
0.697599097265,-0.549093915498,1.09107405449,0.695277912063
-0.171302828589,-0.00344910743009,1.14098162891,-0.087169828142
-0.393932541782,-0.82731462093,1.92992095005,-0.751506681029
-0.348064380407,-0.751170267101,1.40756397106,-0.278869005373
-0.0394394017912,-0.641090260108,1.34758415301,-0.01812925418
0.279464414848,-0.986571967303,1.92128651696,0.136496296801
-0.723875505028,0.896003501105,1.98671078992,0.590631026677
0.754360229665,-0.889778344835,1.16072317143,0.40478741949
-0.475814456796,0.608487098608,1.40994271997,0.320170253833
0.375918636329,-0.45990034597,1.09010115075,0.676906635399
-0.423049821648,0.801646529371,1.63935430051,0.341922255361
-0.442593626606,0.489117094121,1.15588101828,0.234539074147
0.209867014964,-0.385913015711,1.18356235971,0.328751364451
0.113798086313,-0.964749549077,1.784460423,0.385479391561
-0.168430339948,0.42269282259,1.39383146298,0.476400970972
0.468031936867,-0.464564802132,1.83647286292,0.444717773132
0.668115800216,-0.423600533867,1.80609730297,0.980106988862
0.330423674696,0.690055092382,1.4719238145,-0.388624994453
-0.184238052851,0.101621228463,1.2130735303,0.796804026978
-0.262625415852,0.616356375907,1.36356095218,0.446925615373
-0.169634595912,0.172535371974,1.90103557696,-0.261551097809
0.092164681711,-0.456108878329,1.64610668968,-0.178027692432
0.738425473059,-0.609036504547,1.26994888433,0.695310679682
0.243855147032,0.166218225323,1.18292574071,-0.492805498299
-0.230711479554,-0.62741048424,1.80645772672,-0.306880856201
0.249583858985,-0.607798322117,1.24351704399,0.34791374947
0.151784855489,0.167877493777,1.67287022461,-0.0718808735853
0.0236466377274,0.363328638661,1.64394526739,-0.092499516288
1.19069789773,0.798708253464,1.41750428051,-0.857821971027
-1.26448358485,0.711397069827,1.08847304382,0.754172726998
-1.35477240642,0.715909320165,1.10696871773,0.722206237466
-1.74530321848,0.870745115294,1.15716075392,0.799857722893
-0.357441933357,-0.659056593459,1.22533100955,-0.205796268064
-0.0150328862547,-0.757315809649,1.29093050245,-0.217968390726
0.30154549912,-0.550854251295,1.37378323452,0.20564615005
-0.737412562628,-0.602292724145,1.17648922735,-0.752242124609
-0.853951211771,-0.570346187108,1.78212053841,-0.730005090358
0.180978279625,0.0996316693723,1.2763970393,0.211208067526
-0.00906907745721,-0.292077647623,1.93716747369,0.585249828039
0.186812761201,-0.696861220503,1.1847824833,-0.0290121709967
-0.155650762198,-0.68019349597,1.368755309,-0.0757026357436
-0.133231889912,0.311388564365,1.86110791464,0.830712060499
0.243299357303,-0.760120334239,1.17024976783,0.11980051534
-0.177016441096,-0.101356390577,1.27001373894,0.177350193385
0.388621037834,-0.534914711089,1.66608518137,0.264436431638
-0.412165536042,-0.742117101429,1.60694688409,-0.335586040955
-0.0754244035832,-0.180547199016,1.23152073902,0.208758600693
0.519369232083,-0.92015305579,1.15922243147,0.0314514658908
0.0645709016494,0.740108131626,1.86670563309,-0.0977574181559
0.0556369504888,0.87585650673,1.29809351721,-0.0601622393686
0.278606101622,-0.103329595057,1.35189980673,0.750936084399
0.571513174435,0.714656994537,1.58809539373,-0.485617300287
-0.0512659554959,0.636539154623,1.92934749306,0.503935068768
0.552156416736,0.690684850317,1.69968099246,-0.764829827618
-0.461024794213,0.801510633651,1.79021125718,0.438135161056
-0.871780867839,-0.863080875102,1.07918706022,-0.522501601667
0.391304392137,0.227791128375,1.57875924133,-0.807127659109
-0.819279552815,0.616016088801,1.52690543336,0.608669542666
-0.156057894152,0.7518237558,1.6376713168,-0.160497459187
0.367494258883,-0.165844835147,1.29132046101,0.815852752746
-0.672700461035,0.321394855535,1.06659332778,0.54930642853
-0.128165277543,-0.638424874898,1.81335262501,-0.496130118065
0.0179136581138,-0.388692060894,1.41260363283,-0.0330408762255
-0.259297648512,0.277991037168,1.98041743181,-0.382941277281
-0.112173276267,0.692700429378,1.99761380594,-0.0444555111216
-0.5707597239,0.70968614674,1.65520308967,0.687938646523
-0.408737132101,0.491378814695,1.70640388349,0.597196748222
-0.0481516962641,-0.954074630775,1.02445052456,0.105329442161
-1.1855132111,-0.832387281929,1.34049830964,-0.957509308109
0.581647374445,-0.770887772261,1.58867607923,0.460571847628
-1.84967926055,0.920386322574,1.07339431328,0.816829835407
