-0.415608897071,0.611311938771,1.26315247243,0.535743839933
-0.761220525458,0.36199866148,1.06344747398,0.697978939413
-0.180500123657,0.0171355875224,1.79969804479,0.267772040742
0.0371495588015,-0.970077711849,1.59353846937,-0.112328558347
0.199155495895,0.596220150952,1.81492059159,-0.49987182262
-1.07684614531,-0.787803621322,1.9535977328,-0.668896397398
0.391215294136,0.482937238989,1.30159597047,-0.677201046848
0.313521344364,0.0290968474435,1.66653840033,0.698392346694
-0.146644997453,-0.808998600965,1.49800970549,-0.377193385485
0.308017231572,0.822666044146,1.65371757694,-0.604161611388
1.37522576386,-0.579875304088,1.12469005779,0.312890364862
0.609236715229,-0.0506911935311,1.55950779661,-0.755049940062
-1.19623702876,-0.803035989228,1.00224841914,-0.476464837782
0.617974490914,0.79966031932,1.49571445157,-0.244265843876
-0.0903815055901,-0.151374238705,1.788654789,-0.107740921792
1.45212665315,0.9727835668,1.30249691808,-0.449628565598
0.0794534517408,-0.188296717184,1.73873069186,0.653320983431
-0.40830263697,0.164126933951,1.71168926772,0.656616400295
-0.00483820766506,-0.0853531618314,1.4276893342,0.945336576642
-0.0637799388719,0.807021948369,1.97135647991,0.213699183955
-0.271925059427,-0.538705398582,1.817325661,0.857142664509
-0.864170488276,-0.87913404638,1.2195855849,-0.746123172855
-1.66075134249,0.947278369744,1.18991679124,0.895235222433
-0.0682487422697,0.675543386056,1.95686454074,-0.538969988242
-0.475398835257,-0.937428096572,1.59758328041,-0.282975656464
-0.350809311787,-0.128833942585,1.12505314095,0.66785648602
-0.478643356253,-0.52788793202,1.58458635305,-0.337442184445
0.0426787324981,0.413543250451,1.08085220809,-0.421778591454
-0.241434977455,-0.307341916434,1.43522932951,-0.512716095515
0.217188771609,0.227986206974,1.25549045264,0.151536880763
0.103899668788,-0.627531072451,1.67860758379,0.70860316528
0.0864629135575,-0.992756336895,1.09433409567,-0.0165319322407
0.353912554458,-0.158045718152,1.10180991448,-0.268144252948
-1.20626874988,-0.574840919827,1.06817481482,-0.571102571828
-0.516992149078,-0.719649949912,1.92542375705,-0.725286243883
-1.289923072,0.968931464838,1.48312204267,0.977330348297
-0.610819562927,-0.522156303982,1.7687621834,-0.94483039996
0.727585942751,0.38789958735,1.14776270125,-0.94328381438
-0.306056511114,0.785312276411,1.47892866001,0.136892126422
0.271591491395,0.0100202836654,1.95322346483,0.398596440528
0.595419226585,-0.670654487401,1.93634486329,0.577920060583
-0.0224426338948,-0.273423318092,1.92658474093,0.93871076555
0.0304194868204,-0.804812391107,1.86798219621,-0.749964824976
0.226103776051,0.0467021028577,1.12728971337,-0.634967217792
-0.13135778447,-0.255741754554,1.46989692578,0.0948728811944
-0.380333515856,0.199222382321,1.81323994375,-0.2003800939
0.70451993287,0.860664590251,1.53715096201,-0.444470134765
0.214309926083,0.340474481309,1.57089763544,-0.295389501378
1.93762003041,-0.868067893795,1.12446358232,0.910164179401
0.924833195255,-0.544070852557,1.02841279817,0.9518704582
0.178583029923,0.384781222202,1.74047524131,-0.878105274115
-0.611108592855,-0.281699618204,1.12943062292,-0.532365649554
-0.351665879363,0.645264746528,1.74518398654,0.532551579117
-0.652426781328,-0.646852526215,1.81877607693,-0.974654353159
-0.396407883924,-0.63003357767,1.2135778437,-0.109323764242
0.1220619807,-0.971474541519,1.37677253468,0.325029376494
1.07436145367,-0.393577402109,1.78492438729,0.992054282512
0.6797171004,-0.152368706241,1.347251502,0.980748896343
0.390010095026,-0.239548304266,1.57535935856,-0.114754063277
-0.0213916122256,0.102037903575,1.89500103204,-0.0515978839387
0.640975198789,-0.662853947065,1.97943722869,0.762674124222
-0.469554804536,-0.60611477608,1.97087983211,-0.7250970488
0.658955145418,0.18692724881,1.45410100044,-0.836625002281
0.58650380782,-0.250095372702,1.3800442925,0.154794775403
-0.804234890223,-0.386665647899,1.50120598183,-0.835334848375
-1.58313464581,-0.954389122187,1.30257631054,-0.687916403754
0.954048325669,-0.527428475423,1.16696761442,0.738110943576
-0.84453691326,0.926061628062,1.45694010523,0.557841698617
0.467066097428,-0.308200651044,1.71247787434,0.90469241248
-0.196678993039,-0.058094331984,1.11442104337,-0.991415919736
-1.82194889439,-0.884585220253,1.2172321076,-0.74925520914
-0.200732149718,-0.110011044558,1.20250235077,-0.403357896709
0.488171815679,0.962820164199,1.91137437754,-0.291075736686
-0.269795492819,0.758679050703,1.38877669561,0.303535948293
0.343321763288,-0.405576605493,1.95866766831,0.740669844123
-0.431397576219,0.523097955819,1.23609155199,0.584104439576
-0.226333053096,0.822080360724,1.20039188119,0.0944451592902
0.751660085948,-0.687818311075,1.44856162213,0.798416463247
-0.435009701687,0.779604018661,1.91553061272,0.740773138347
2.15537005689,0.986739454769,1.0540118307,-0.789084222577
0.354244847529,-0.290448292249,1.295093228,0.15146666243
0.55251894483,0.494994521447,1.425713352,-0.66796726418
0.412282149336,-0.60560703909,1.64812551095,0.0997032070505
-0.474551499076,-0.759439010189,1.36300560729,-0.37468982772
0.014206435059,-0.0868391443328,1.36864923886,0.657813497631
-0.374402137181,-0.490896614033,1.92495741558,-0.242545972328
0.545117567171,0.789000661233,1.38285388191,-0.417975963222
-0.0358874264188,0.220106513771,1.73114927611,-0.552744457855
0.702920218072,0.342475276779,1.82761954738,-0.657208778468
0.0943711181629,0.276607550508,1.78393356869,-0.729768953278
-0.551828934814,-0.832463810413,1.1173452346,-0.254711155196
0.391435304141,-0.615370109205,1.49888291068,0.705602301317
-0.220521946044,-0.370915020588,1.18919372913,-0.338778553294
0.172363829261,-0.311733365729,1.40550431605,0.272288211023
1.87667186422,0.820776134519,1.08818289353,-0.825237369611
-1.06940490801,-0.888404483255,1.15317331851,-0.78009807024
0.258059116555,0.32713049073,1.96585431779,-0.103612528284
0.264408870945,0.457482203492,1.8722691852,-0.262944553171
1.38563504369,-0.651560242881,1.09290556696,0.951294788159
0.0101186681154,0.734449571416,1.58894607624,0.187433906215
0.380050176404,-0.631705018118,1.85903035687,0.922797949709
0.426969505077,0.773696046305,1.32842533662,-0.373867651426
-0.00872371130292,-0.705738897901,1.41233422628,-0.243160249442
-0.721003488318,0.681986595246,1.01631209888,0.341728400791
-1.61427165378,-0.941079301326,1.18607053045,-0.808024305061
-0.725228535517,0.977815859313,1.73611486407,0.0346523868695
1.67350423737,-0.987135073237,1.08810476836,0.631666412927
-0.669440423151,0.517577508132,1.15117168054,0.801911647112
-0.889913387332,0.469334609928,1.36574200779,0.632612544462
0.63160949322,-0.310460867746,1.23696719902,0.299624196074
1.19680559731,-0.914174688113,1.36092849793,0.816684904331
0.614545980197,-0.716803620461,1.74760493481,0.842054663177
-0.299318621285,0.271089007443,1.68597726408,0.941907983007
-0.658088232706,-0.877690746024,1.77107259594,-0.619696828378
-0.44941168367,0.374899903468,1.93754447302,0.975047929
-0.655719207516,-0.488457251263,1.33242873108,-0.721846135631
0.410637541536,-0.837691519764,1.35089766593,0.630595235967
1.70360053446,0.784847891511,1.28682440342,-0.712050747003
0.243223099081,0.333244582964,1.00376851641,-0.21305496389
-0.766291976648,-0.953603460074,1.30973222539,-0.445600552821
-0.902255364184,-0.783406826703,1.23529178484,-0.732582381098
-0.0297987254653,-0.348357186088,1.92049034605,-0.50795772185
0.617571072529,0.706672349958,1.58391961469,-0.160590800251
-0.800815005868,0.430585378779,1.03492952437,0.691640211344
-0.375570282683,-0.875391095964,1.36899463127,-0.133450961286
0.624593979105,0.75238517021,1.33252026432,-0.453317385309
-0.184122096848,-0.684037857611,1.29626993932,-0.0408364906597
-0.468209440808,0.0590392750233,1.36038670222,0.589641915355
-0.890307792944,0.79084092037,1.34368531502,0.467314503704
0.452624840346,0.0819619633272,1.07310581676,-0.338147274152
-0.380335011453,-0.661493778735,1.21280987538,-0.00233534186355
0.225662583853,0.258921460772,1.0638253842,-0.639719726338
-1.98922377095,0.645586912319,1.0528198149,0.87194436472
-0.799597502559,0.925083430572,1.79088948298,0.669492882184
0.411317692904,-0.0620448658112,1.36503397298,0.701095092499
0.0879903069445,-0.822774722165,1.3352616022,0.330128343095
0.717691240813,0.617462536235,1.82677316491,-0.940602038084
-0.792031371926,-0.933278170662,1.52390760258,-0.263950997661
-0.0247407736806,-0.497880475582,1.68889556145,0.50004649799
0.0495421438283,-0.290257678081,1.76478531497,-0.599449163388
0.51260616754,0.572219683674,1.41836868077,-0.122297623003
-0.771344372694,-0.464156864641,1.01819927699,-0.823748931498
-0.0935369589091,0.0848161698058,1.36910160753,0.760481030044
-0.528394173955,-0.48834900626,1.67126396438,-0.732763123892
-0.808789012991,-0.616980310098,1.68811664979,-0.631417769542
-0.442899507732,0.686973084669,1.46117347696,0.731060802055
-0.19678051398,-0.913135993123,1.57306658711,-0.0479573205312
1.05553060194,0.590449493926,1.50806853172,-0.933688857219
0.0482285090072,-0.31565883755,1.58414709578,0.136515198065
0.0951975258885,0.943665888536,1.90082913365,0.42934223629
0.663837219777,0.658852848009,1.54114418426,-0.900872396275
-0.752784418079,0.773482715346,1.35882298779,0.136155736849
-1.09974101705,-0.196841991814,1.22832797524,-0.634305937077
0.474382506509,0.282850340894,1.88400335174,0.476958964159
0.321669643092,-0.149597120755,1.41184447719,0.013245260412
0.483650338636,-0.548362701519,1.02826797582,0.281366706089
1.45910470645,0.61946874086,1.16727206922,-0.592123427575
-0.186637316882,-0.0705300692465,1.77532819695,-0.0241200879314
-0.0351003850333,0.268482672249,1.37395764678,0.82230823346
0.262720291534,0.388986046892,1.3378297829,-0.313362249513
-0.758875523418,-0.393920801227,1.15528487418,-0.621537482872
0.404149208772,-0.17691287437,1.78420884496,0.627870211384
0.737061680106,-0.499426428237,1.06428945514,0.630145371237
-0.497781457702,0.425554463564,1.20703541191,0.470274904884
-0.129578895021,-0.462650320913,1.33576807632,-0.554394865364
0.0951403355914,0.592961035966,1.96374625994,0.062596027866
-1.70906120454,-0.496479186801,1.0520915948,-0.921960213879
-0.4171102876,-0.318765080011,1.5712629658,-0.883242326206
-0.792964690697,0.750677407405,1.75736342575,0.175183402307
0.245539952817,-0.142164011015,1.25685262203,-0.0848649643422
0.31557175624,-0.669298013755,1.13958671991,0.145817753009
0.380317457023,0.427830574736,1.88762671187,0.139311477636
-0.0337500058731,-0.745714553773,1.77117050086,-0.00997389004942
-0.565553184533,0.371606219919,1.48136854373,0.706934297733
-0.0937576641916,-0.00623480915346,1.46331071079,-0.417423816973
-0.0525071422721,0.0851443100978,1.28357717556,-0.217543419805
0.685383744973,0.345337157962,1.3408327789,-0.557110550503
-0.838158760175,-0.552718227106,1.14604708624,-0.442283776815
-0.0434971614094,0.529666546882,1.54821435906,0.0413667564787
0.678103699808,-0.899531318777,1.20882858502,0.359577475325
0.114037524648,-0.0947118574908,1.86441887566,0.167577054522
0.174998079131,0.119611824554,1.1658722665,0.664558515906
0.269258268744,0.343516843443,1.55269392613,-0.379811045938
0.516720741496,0.0283343233191,1.84204170297,0.678180717392
-0.137118028308,0.433439501003,1.31786155955,0.203262527049
-0.566963816218,0.464570468596,1.22627923452,0.53419385594
-0.1268409034,-0.640744283395,1.56481969027,0.024613426915
0.144590784442,0.211876589301,1.47322084126,0.634714749642
0.042501373622,0.609139132101,1.93805751245,-0.203105970492
-1.69061747227,0.97750112561,1.39750470232,0.994137542617
-1.11790359256,-0.54744611147,1.11798477131,-0.889841818108
0.465713939959,0.760600987654,1.08946795354,-0.234616509338
-0.143101148197,-0.809303135773,1.96261931196,0.368745200026
0.913894161086,0.777804689213,1.62605872535,-0.694275312237
-1.85253755088,0.814471994476,1.21712569495,0.882789292229
-0.399232370018,-0.827291918468,1.88135609631,0.112372425382
2.05156477596,0.862030078717,1.07411484392,-0.726063516269
0.234383918303,-0.366709551719,1.94887579778,0.173452931064
-0.0889896158698,-0.100477870589,1.16209739453,-0.390893038392
-0.571066205754,0.940303463986,1.89091005682,0.457183047634
0.913522603817,-0.950426788328,1.68801812667,0.376125331768
0.182607895324,0.725995301131,1.3742588272,0.0457521057127
-0.649853290212,0.94305906606,1.59268594317,0.750967840693
0.762306111601,0.728544824877,1.37275733424,-0.876953303735
0.34075678048,0.684350337495,1.34334621437,-0.267009008028
0.494420321592,0.0161028252855,1.55903561028,-0.5668074722
-0.982937065799,0.659203704362,1.29673052056,0.924557461842
-0.160924658321,0.13912773781,1.45574313706,0.492875072566
0.148438469358,0.14702664243,1.44783649943,0.892145710918
-0.427787069795,0.632888287074,1.93333742124,0.876718587594
0.689381108318,0.0381468821868,1.73748617298,-0.73608395695
0.354775358014,0.202287874179,1.61316126883,0.518301107336
0.511537897725,0.598336175664,1.77371933169,-0.47289011171
0.0926297401342,0.6800916878,1.02098723598,-0.00245351133274
-0.495795088892,-0.94050398012,1.60939490599,-0.503202848837
-0.527195212668,-0.777158814606,1.60692496512,-0.819223897957
0.0182561483154,-0.0958085627757,1.87636035168,-0.217747895666
0.388943610303,0.18017883672,1.26501114027,-0.335065737133
0.142824418552,-0.813071788015,1.17427715172,0.11388657544
-0.731659653054,0.427806139328,1.35065434558,0.651615169958
-1.70198217736,0.974394964135,1.1007000934,0.588911749112
-0.673681020476,0.82658480623,1.35416381733,0.362449972712
0.221811435236,-0.264637086522,1.2771449115,0.591874578592
0.31586602315,-0.415955607036,1.89220376848,0.174146075286
0.0688150298614,0.401043187149,1.98206090384,0.264458987544
-1.17163341478,0.973232632597,1.41574993804,0.797860500223
-0.0185298501165,0.0932980468127,1.87633735791,0.1967510438
0.751694680688,-0.334062297209,1.1013522857,0.396346003193
0.2381622103,-0.445056008431,1.89264808333,0.380549080112
-1.11012944942,0.858885461429,1.08275378654,0.431319403036
1.38284148755,0.768939131221,1.20118926221,-0.854528170393
0.118824480397,0.2066852318,1.00913833645,-0.446709280696
0.422799630597,-0.0936573746421,1.30146962804,-0.85033385505
0.107647256795,0.178730167105,1.90970715236,-0.740027185302
0.289910720764,-0.227327950719,1.11687007401,0.794485304909
-0.941937055111,-0.57619827561,1.02073507756,-0.510189670598
0.141897088428,0.814728592815,1.93211387515,0.0529222833436
0.561720933992,0.899081467931,1.5611076169,-0.485320144956
0.065022244018,0.0197431626585,1.59184508027,0.370262479802
1.01216408631,0.951672821661,1.69516301332,-0.911925967136
-0.200875037592,0.3725512409,1.52777837427,-0.162447465635
-0.253610802207,-0.842115109252,1.87553603341,-0.455055322231
-0.00248217767997,-0.383735954472,1.40317664629,-0.096279889802
1.62527386397,0.653570554736,1.17880173094,-0.962464306788
0.676238655175,0.523489711743,1.62860491296,-0.695123517031
-0.362746329394,0.00271901896399,1.22495960631,-0.290634281978
-1.14122734718,0.992099161331,1.2140878207,0.511151737911
0.874127701207,0.896608115129,1.51963366237,-0.652012061175
0.641152003063,-0.365567461099,1.49654631525,-0.293419530223
0.0997955498014,0.221776080702,1.258110308,0.436866045099
-0.967670922338,0.68517759492,1.4636310358,0.696382897195
-0.588413793405,0.695509122863,1.6763606627,0.608082371828
-1.98286314046,-0.714314199697,1.06365820568,-0.837316913792
1.38732810914,-0.93011938817,1.77241514349,0.950640674974
0.936226396532,0.928875703398,1.00509388298,-0.284894570611
-0.47324326844,0.622184696293,1.80225771988,0.525795819877
-0.153549641857,-0.437137886747,1.51866396726,0.24109125917
1.67819569316,0.974135723219,1.12041914497,-0.82461979522
-0.196352079311,-0.556175101869,1.46426173211,-0.220672369472
0.491267126073,-0.690949073115,1.2305850565,0.391378719667
-2.07455692238,-0.853419870646,1.05763408767,-0.914900990009
-0.804246597998,-0.91273819874,1.46752128814,-0.241698334324
0.506614654115,-0.893909128631,1.60598583486,0.738834518211
0.451062887615,0.656399752766,1.6543342748,-0.64468636912
-0.0784249899461,0.116851410641,1.58439693025,0.0852849187935
-0.558483084576,0.467488737596,1.73098736359,0.746091926669
-2.07361089379,0.860042824101,1.00286570355,0.756812981154
-0.140860946589,0.115365345893,1.80859322194,0.125246339976
0.0373189690042,-0.157095488685,1.74267991709,-0.599731292993
-0.176444262588,0.435351365929,1.8285980339,-0.051722851042
-0.204738087018,-0.466364419097,1.56473875488,0.132615273575
0.204539154155,0.365392124883,1.58232312327,-0.667173780641
0.175594261484,-0.157191434218,1.46042585737,0.925880051979
0.555132202452,-0.909338436694,1.32883189824,0.327270400614
-0.0768196355642,0.510621986042,1.90255771299,0.117212434414
0.264273193811,0.0394102028454,1.43187022823,0.85683344207
0.0691499890589,0.566643579291,1.80137878141,0.466467694563
-0.0359144955215,0.224965247631,1.00912269646,0.240831500953
-0.234998456565,0.553089995818,1.69784501811,-0.275405475785
-0.276270693161,-0.800076409437,1.89414573558,0.296115969042
-0.861179407156,0.524292281544,1.05054741296,0.394146848917
-0.563318533311,-0.574312934316,1.63643551718,-0.306810345354
0.931983505596,-0.979964794707,1.80381704008,0.717638999791
-0.130726464726,0.146095208637,1.61353878903,0.698812172146
-0.951315682283,0.673763519665,1.23945354825,0.647403390665
0.639030261466,0.243660607245,1.06447697377,-0.961995574186
-0.485008704607,-0.385154296488,1.83031608347,0.141032686246
-0.287100792165,-0.468735576738,1.67990689333,-0.651516105507
0.0018996734214,0.458408454569,1.76450290719,0.376526742613
0.509074680823,-0.17677899427,1.55410995466,0.361157881034
0.589725632612,0.612171902228,1.26577945097,-0.606477484935
0.269986654686,-0.0332518107781,1.24832055086,-0.0606071407904
-0.12313840981,-0.353663086887,1.37088022133,0.420427739308
0.155542457046,0.666249965908,1.98387465564,-0.290933907004
-0.13763878307,-0.0771937177162,1.64065929052,-0.333909161681
0.767676762373,0.456045791191,1.35167603943,-0.684392721605
-0.67230470488,0.676588195208,1.08456645434,0.335714635701
-1.13530335286,0.490606954466,1.42719703784,0.7537268169
-0.625503179195,-0.448494542162,1.24714061026,-0.282416680099
0.218284193201,-0.013201468378,1.30071776151,-0.152033744097
0.986517522141,0.961870777584,1.50919259731,-0.536289421216
0.489413013548,-0.72257003421,1.84158791034,0.789922851751
0.0919373856068,0.203252810383,1.83325722207,0.526997205852
0.0202441945805,0.175462706454,1.73117969051,-0.224853700591
-0.264451293795,-0.788607815139,1.58851137309,0.301158726463
1.30198956269,0.462547003578,1.15882323385,-0.847997110825
-0.014734877976,-0.634839120262,1.11764204983,-0.172103403916
0.456824379633,0.249164449305,1.07319434501,-0.773214524852
-0.0579924901812,-0.147299016095,1.29319018458,0.887425191079
0.16452656309,-0.397376579987,1.63740524441,0.986430510771
-0.264397614141,0.479344195128,1.2739877475,0.108566380113
0.540642732996,-0.0661402615659,1.15124124282,-0.557395343271
0.681120771578,-0.187503522347,1.31942330253,0.498949036373
0.86329962198,0.486103207365,1.58756506143,-0.843265183851
0.772942677179,0.926039096977,1.48942559746,-0.541079122068
-0.369498608756,-0.363812936923,1.4777876595,-0.323005941974
-0.348458388142,0.197271738539,1.79724933482,0.119545848633
-0.199786481677,0.306275760019,1.5268364897,0.891121698163
0.331615664943,-0.353900633806,1.60452576162,-0.606584823857
0.430606351302,-0.200830237099,1.70779514758,0.709280586722
-0.259599061844,-0.649294904604,1.63697971272,0.258725384215
0.250302918766,0.495789729144,1.67226247109,0.0542491742755
-0.802785423511,-0.714101687533,1.27241549641,-0.0816193969258
-0.208183294571,-0.657638401557,1.69586568234,-0.678278775312
-0.204817478696,-0.373544420917,1.88439726403,-0.489876197335
-0.594004188423,-0.612386408212,1.30480074762,-0.621790942963
0.00125899185589,0.682483518705,1.47541550229,-0.423649907433
0.171092797605,0.211397848163,1.80453994149,-0.403165179608
-0.903638894721,-0.949244038659,1.24634080008,-0.450970417815
0.856374904938,-0.67886945825,1.28396547386,0.598457243941
-0.848651773912,-0.644777135767,1.39065011498,-0.791203517304
0.572138710868,0.362671401519,1.47298518626,-0.973105315526
-0.00121963140008,-0.571211227166,1.13133054012,0.353597662462
0.0451906041606,-0.0314916211755,1.39880713492,-0.88007779125
-0.979540681574,0.76555577191,1.08480766869,0.331808840984
0.465961120006,0.599775925793,1.54064807698,-0.726679965871
0.297335622825,-0.0359679149812,1.22642436473,-0.0684122110581
0.0784671934437,-0.148629010441,1.08927506737,0.72596330276
0.3999167849,0.24886365162,1.32056579295,-0.664043651207
0.700168898413,-0.0512187433873,1.93084954347,-0.591782649089
-0.245770992349,-0.180309547576,1.00314002351,-0.928228467966
0.283035633111,0.69457436407,1.84139382399,-0.0562931610628
-0.299885509116,-0.210342682521,1.77975334498,-0.345918629939
0.593707333045,0.514687216424,1.35273374023,-0.616330725291
0.596778007158,0.418915401569,1.72624535035,-0.409746147279
-0.0452776725428,-0.383559350172,1.9665677093,-0.534477724331
-0.0379471916178,0.579860714025,1.56278068647,0.040558787242
-0.822343220682,-0.750644188302,1.75026218534,-0.672807537369
0.276547973061,0.734088060857,1.60711792116,-0.102486214818
-0.349200816949,-0.61010749535,1.95456944097,-0.316783006168
-0.778203855721,0.177966326228,1.09097583316,0.428864412777
-0.0337921481413,-0.166415889104,1.91746923148,-0.376037498211
-0.385676042612,0.807906949204,1.36966212621,0.458261966719
0.0165948665209,0.176184799629,1.58156690084,0.881123578674
-0.0515327712305,-0.636100120588,1.72716641236,-0.5877928999
-0.349702833907,-0.122613358726,1.77514405753,0.20428791927
0.246426038119,0.475562203155,1.61231911157,-0.256205491603
0.310719220065,-0.827325368174,1.99863254368,0.146429924348
0.172079506061,0.758358131283,1.71145765066,0.605100398247
0.702655236175,0.545189835802,1.08456355458,-0.2775676454
0.147455815526,-0.224601926189,1.47212480329,0.422441142945
0.191170325488,-0.224904266168,1.94647014189,0.514165296196
0.881935134626,0.914754971994,1.32824535301,-0.394371236209
-0.323543025333,0.697642331914,1.29248712518,0.0626776883014
-0.092435868889,0.554165291226,1.987549473,0.612436261417
-0.200052694993,-0.563281489378,1.17773659997,-0.399913256956
0.725617440073,0.932123998492,1.91724817452,-0.708010989664
1.8441655254,0.901453802716,1.45325736631,-0.909702267965
-0.528623916264,-0.73930650909,1.80705368458,-0.514488555727
0.416199986857,-0.367731616556,1.32902726168,0.240379864635
-0.146975228691,0.0915573969842,1.4271742449,-0.573648556046
-0.47889462492,-0.454782436316,1.63500323334,-0.946442994826
-0.239042551484,0.0579957955209,1.23457246279,0.456100014818
0.582903983671,-0.636625946082,1.35859937302,0.842179806374
0.281114244781,0.880463938345,1.79926124279,-0.143523379279
-0.353297356902,0.22851362948,1.53007109499,-0.65524383229
-0.309320978791,-0.529946285679,1.72295588817,-0.555582206728
0.743772503967,0.274240833644,1.50936809765,-0.449963452942
-0.269523771441,-0.259108587615,1.3502897487,-0.845552872396
0.136845082946,-0.936643614213,1.38700148754,-0.0916238428164
0.192585528689,-0.214552554072,1.01600583817,0.0503401095708
-0.142865846054,0.102421829125,1.5219653692,0.317490906637
-0.442185381446,-0.784175838386,1.88251570862,-0.647296460645
-0.508718521582,-0.755695256859,1.88352215069,-0.584868204496
-0.372478317494,-0.383394885231,1.27217429975,-0.869851101031
0.348455629239,0.156790189684,1.71568843977,-0.422857178827
2.11016554616,0.722260258024,1.02915602125,-0.996897101706
-0.235163550353,-0.510779558113,1.75166840813,-0.282343352401
-0.509286666817,-0.111876288678,1.72888333912,0.487858173895
0.571979124545,0.560153441545,1.48029941631,-0.659062019104
-0.0281860109967,-0.336145992325,1.88349537377,-0.86126526341
0.437883836788,0.0306147745243,1.20071422049,0.0652556787602
-0.266375893389,0.319275004443,1.53321389853,0.175233532042
-0.166485831666,-0.0964523584207,1.94774326751,-0.799278962957
0.486156086224,0.359470770685,1.06572124259,-0.451690668646
0.358754486582,0.830035648505,1.51357923377,-0.504609789091
0.389105012496,-0.648589626811,1.44629918573,0.792792173839
-0.934268238489,0.64342076841,1.82736355035,0.946234795125
0.134515078899,-0.748136183664,1.62347224277,0.293609066422
0.80988973552,0.946091652767,1.07872261925,-0.217368701449
-0.468628209644,0.330308384711,1.61429219576,0.701755758957
0.105758077991,0.0917447834219,1.11583433858,0.133160352996
-0.216310127245,-0.972780024276,1.99552348917,0.784175052507
0.272451299525,0.67963906683,1.73007905291,-0.370994671917
0.0235208379573,-0.000423401197159,1.15371485923,0.55012000417
-0.413139126443,-0.0902071307639,1.69115131501,-0.966236398003
-0.187071158014,0.627854242216,1.98429719582,-0.236030373156
0.279199087423,-0.266579972036,1.43871278603,-0.0420281437304
0.234353542677,-0.370794119204,1.83793047359,0.721235702532
0.329121010049,-0.0347150797019,1.50493057426,-0.70592999175
0.425299959752,0.454140559785,1.57202663769,-0.739366269024
0.450250797485,-0.187322657185,1.66162815924,-0.809516728422
0.744529564724,0.748653697612,1.8753700845,-0.62293858368
-1.78978986569,0.909842695252,1.03508114223,0.65175502316
0.306284872654,0.730738094243,1.33302618982,-0.160626623401
-0.111908976944,-0.426880777648,1.797910714,-0.729723026264
0.24396219727,0.03012798082,1.52658587387,0.859713919991
0.297804433253,-0.12339791964,1.33205256903,-0.397152432791
0.210106764369,-0.768952626707,1.97197048194,0.396749463136
0.481337858257,0.306281603099,1.12919209134,-0.557236274336
0.126843663633,0.0693938307731,1.23607490251,0.386587108455
2.02068669938,0.721929876944,1.11291614042,-0.979248779037
0.383197293803,0.781797060667,1.96642810759,-0.56842389751
1.34873695911,0.579298368945,1.03065527423,-0.823651644368
0.397083074949,-0.248605012846,1.06283231426,0.603213447376
-0.858302529793,-0.678451918981,1.285718593,-0.95012761597
-0.679817219958,-0.618440147626,1.03268210642,-0.470948584138
0.561086778123,-0.68994463182,1.10479471908,0.291619535479
-0.487662501286,-0.383339454131,1.68359465111,-0.806360698528
0.0706890690427,0.182091743141,1.57412013987,0.91113985991
0.00265569613439,0.280231754768,1.98422173295,0.353131999956
0.806686909931,-0.931446045643,1.99717004667,0.677435037067
0.156224537845,0.281476026418,1.18515542132,0.618757569787
-0.216812392246,-0.227258331923,1.88094534798,0.299747847555
0.478482846208,-0.51536197601,1.00489150035,0.479334765204
0.870949896447,0.442873428649,1.12986271832,-0.825015261321
0.27216337302,0.0645263196563,1.66383693404,0.36989132593
-0.192185648321,0.23421843033,1.64962757914,0.367930774941
-0.0655120749954,0.44854170167,1.76203070044,0.472800419846
2.14943928488,0.953229811082,1.16367708059,-0.696761380707
1.56262951291,-0.632904062917,1.04264730708,0.850575309854
0.134167722363,-0.586508955353,1.84702216201,0.810430330078
-0.229430832399,0.0032675850759,1.3209345002,0.672724804271
-0.812648874882,-0.63002602942,1.84793519683,-0.787478674774
-0.192533012848,0.0601908359106,1.23161166428,0.0437270511435
-0.024214317911,-0.152938034238,1.69520354362,0.79045447544
-0.578346979479,0.0943958024905,1.93746128075,0.216976079403
0.134908722752,0.581179987796,1.96273453475,-0.840030482448
0.0314226636952,-0.289828754175,1.38477267862,0.175760150672
-1.35656929685,0.68095668857,1.03585863924,0.657867219291
0.254080074112,0.481729680585,1.03982648381,-0.454658333821
0.0679200635361,0.488784860734,1.18833701638,-0.1470014697
0.230408092556,-0.930470659578,1.35049401941,0.205424915708
0.266032420704,-0.351853273215,1.70026260164,0.619467185014
0.830856287839,0.35317017584,1.03157300465,-0.488446950701
-0.991292706641,-0.974930730977,1.43701935107,-0.411384332668
-0.0124580495545,-0.0255320895831,1.2702902696,-0.707975528753
0.542361788558,0.612592739562,1.48035366533,0.12026955432
1.91498946586,-0.943753957979,1.0649134541,0.810107483449
-0.182162834942,0.760373612377,1.81409147404,0.456026582513
-0.0201163647751,-0.813375568017,1.13388611208,-0.149002726894
-0.193356383674,0.656150768092,1.82941500522,0.51062281689
1.95234559442,0.865297442018,1.19297162636,-0.936671006042
0.496114482969,0.376209410375,1.6461069336,-0.838509880558
-0.33781142224,0.694955376341,1.2289403063,-0.0710479455984
0.413035448742,0.36476082327,1.79124977418,-0.81828556603
0.0142565528757,-0.226660801014,1.89153232677,0.444803424541
0.210947411016,0.0802084528323,1.17873888073,0.899605932161
-0.350307250586,-0.825223079334,1.33019810543,-0.399460049852
0.0613857642228,-0.218737674916,1.84175244537,-0.472053378074
-0.970704752185,0.98760322749,1.06938196399,0.204617859879
0.365831323436,-0.0692867204458,1.57625782619,-0.165499316189
0.131312624889,-0.0633870232386,1.00288714272,-0.769851606125
0.461717074051,0.852726439969,1.75606567357,-0.623645343586
0.495068819921,0.114204616955,1.65948429387,-0.575916223087
-0.824485121399,-0.295108852511,1.01926944205,-0.297112368362
-0.440728821513,-0.24674490421,1.08572416031,-0.506733088642
0.447580260007,0.00641514895974,1.03284841892,-0.5705276426
0.159221454081,-0.223565153161,1.94626568906,0.894788517359
0.0015235324984,0.212926897299,1.70112705404,0.305536865947
-0.729022487603,0.36399713015,1.85519467094,0.805567691297
0.107594152677,0.0721917169314,1.32083877738,-0.0655293502696
0.52159156774,0.972874264996,1.75170664536,-0.741214546021
-0.965684998088,-0.803613426962,1.30295403816,-0.662363968143
0.530036935127,0.725367896568,1.23196809828,-0.114720471678
0.924391567307,0.516627798232,1.10533721687,-0.578519205891
0.338270232182,-0.73787688335,1.54153736297,0.623488265949
0.559583946046,0.640846805445,1.41782481113,-0.503318346212
-0.965885055519,-0.359539083195,1.08332828822,-0.701798550977
-0.132542479136,0.360396396485,1.15859254,0.446598892698
0.990578496925,0.462780703058,1.13201347635,-0.80202793747
0.16522236235,-0.0455500523995,1.60169981094,0.43795024499
0.239212344193,0.307479712091,1.65414509663,-0.779193112191
-0.163905925475,0.1139184246,1.61630904152,0.0258426843371
-0.364351949175,-0.0216439205819,1.63788927981,-0.862461463755
-0.0220428503711,-0.246714069461,1.61117255275,-0.175871824017
0.817618352673,0.645333953542,1.31705956843,-0.903386645383
0.233949054708,-0.329258854388,1.06528437855,0.618478553519
0.419458689331,0.729380098211,1.80076800468,-0.404446567452
0.763794976387,0.582589682445,1.19336012265,-0.746653866599
-0.218080856896,-0.523053951593,1.91863852668,-0.933484598649
-0.29059140645,-0.559584731758,1.71204720244,-0.979023228189
1.60002310353,0.796470279515,1.11628996048,-0.667698414437
0.615759685937,-0.428028484614,1.19210193334,0.544473710756
-0.0365729184698,0.814937028041,1.06790222379,0.0987024540518
-0.800115806173,-0.620045373907,1.4569095941,-0.770180151722
-0.942076024893,-0.541772277749,1.41093354157,-0.702828769273
-0.322483807933,-0.207449806515,1.77259261545,0.432573464917
-0.137214725415,-0.106755611609,1.15689325634,-0.391140863955
-0.190963336906,0.694928133908,1.47496175388,0.162756121059
0.142071973322,0.36603471353,1.90652753467,-0.0264321166104
-0.143900492974,-0.614835524136,1.68480914811,-0.925417879224
-0.228837160294,-0.837550782807,1.86096696784,-0.194662005164
0.501559854549,-0.591967456824,1.44005984741,0.770017248991
0.093441069433,0.0784627838082,1.83994355862,-0.70442312343
0.17885137352,0.145118683745,1.55765794724,-0.543862249978
-0.600490817594,-0.666868232445,1.28108701076,-0.208666475627
0.137604006349,-0.299487141645,1.50645719147,0.0552554671678
-0.777535227144,0.194182633531,1.23118396393,0.796569919195
1.41168185978,-0.728970913032,1.17790041972,0.847180452761
0.141455696199,0.212361058177,1.75296982782,0.446962496478
1.38580619104,0.855657915017,1.45229425186,-0.921522585542
0.200974326609,0.838259753421,1.32922521126,-0.239348596293
-0.466089029317,0.189357611931,1.87325601391,0.46484558009
-0.018819519528,0.186581362631,1.83278454452,0.592051340647
0.409145597909,0.0181450564599,1.53995836491,-0.852577448368
1.40830524763,0.85406398447,1.42680403072,-0.883410739615
-0.286684802224,0.86678992209,1.0342326173,0.0244310537429
-0.106391657267,-0.296654741181,1.77366531456,-0.346300100861
-0.467660111373,0.561474461885,1.71378708681,0.876632132411
1.05605743336,0.441125575776,1.06806975861,-0.760901665409
0.0158172347,-0.230376881196,1.66470556189,0.797234434732
-0.306477090962,0.339535726462,1.39277974909,0.139974954166
-0.38481653391,0.644816202439,1.82325323168,0.278999846326
-0.0441784230896,0.245900762859,1.5548362592,0.678541065802
0.55157160479,0.347275788302,1.61746710692,-0.767864466077
0.0504097046462,-0.534146590731,1.50172625415,0.334786782951
-0.277008696296,0.215932697319,1.77028790155,0.791355362107
-0.454278407303,-0.974922834919,1.26221631545,-0.163009104901
0.130079763726,0.00455259508882,1.24981256217,0.904272528369
0.646719101946,0.552292527271,1.41515827403,-0.357428743803
0.183850939338,0.442995791339,1.69691451763,-0.01200339356
0.149978779636,-0.283699382825,1.75440471903,-0.258760529232
-0.698033236396,-0.937592949932,1.87166628564,-0.797865788089
0.39739444546,0.0805083299997,1.40034299526,-0.163062869377
-0.436508448733,-0.639608883619,1.97705656252,-0.562710432164
0.0925179636689,0.0209274952899,1.58626565614,0.352708218406
0.142298215114,-0.783934399621,1.93381249604,0.529142198732
0.0146651103314,0.207151315874,1.12861131926,-0.143350713917
0.0539071829087,-0.146728030619,1.11867851988,-0.0280943531637
0.746521769637,0.809839522331,1.57767335442,-0.522535625561
-0.199243226602,-0.732003831595,1.22523371849,-0.24169369793
-0.717580743758,0.607291350021,1.66519055168,0.623179471348
0.621576662353,0.524765427748,1.85386453839,-0.38905200093
0.621891331921,-0.21789525994,1.26425740673,0.897991096026
-0.255382754043,0.393089498317,1.62183859708,0.162338993491
1.68538418559,-0.918658558629,1.18341148019,0.774319428111
-0.379952032996,0.470938689447,1.74031823898,0.123474402518
-1.64349941837,0.74211169157,1.24165618793,0.846609303859
0.646481645283,-0.0878315555327,1.58801424735,0.522151447325
0.616183572693,0.624389528263,1.48533036257,-0.795899402704
-0.0999147183032,-0.466473920529,1.62797685695,-0.591261019101
0.193386134936,0.241007763172,1.53309084881,-0.83914443434
-0.666355484253,0.613269120801,1.51773791384,0.524862326715
0.211734329228,0.903947791697,1.66295567709,-0.399305440391
-0.312247153566,-0.557418619274,1.21321653832,0.00769405236015
-0.427588264351,0.937561483194,1.39456250049,0.131743688992
0.105134216101,0.00381597048439,1.40266877053,0.0088713749192
-0.901305215656,0.759873053832,1.58323629984,0.311193434174
-0.857911468823,0.865146498315,1.8636399137,0.915917796876
0.0185039833311,0.798874275152,1.78024865091,-0.00514459762619
0.958759686601,-0.691271836872,1.0860697,0.937987809529
0.32118556741,-0.931295032698,1.65765683805,0.724364311402
0.538118295168,-0.406448521174,1.10449242136,0.923391248263
0.489222035514,0.442798028442,1.49812213695,-0.611632500044
1.17059370506,-0.78372239927,1.31654875786,0.983313334496
0.974735154682,0.614674224678,1.55837236012,-0.933903096201
-0.39851358322,0.0412256312327,1.83458052589,0.346936920098
0.380513573559,0.867165681867,1.54813011279,-0.536590760413
0.876559763674,0.591280454427,1.24626591902,-0.458026804291
-0.188875248246,0.344912468056,1.09646541466,0.399123522311
-0.276581100779,-0.549504708646,1.86023616356,-0.304698739727
1.48160201451,-0.868156922639,1.32837610066,0.869394077321
0.600953525736,0.638810826361,1.11177633817,-0.548945040629
-0.356061564631,-0.496854606745,1.99012470778,-0.682569460894
-0.109074018969,0.708675006619,1.9486521348,-0.178971273854
0.408718270447,0.825023489586,1.72054794325,-0.321018690589
0.549139692276,0.367768948474,1.09293446292,-0.582090444801
-0.530858904327,0.907048742407,1.57890748485,0.149233638402
0.088167341595,-0.287196877794,1.4839733252,-0.375801179313
-0.766862538049,-0.832236840274,1.38782738883,-0.819638840083
-0.0919357118583,-0.17413578253,1.50307465569,-0.993602530656
0.0709609278632,-0.229613254138,1.00363731135,0.0822284894078
-0.98337663108,0.880588637579,1.17541937069,0.338658826263
-0.114886239248,-0.133752017901,1.04301864849,0.218522303253
1.1411335137,0.764375112552,1.2831969199,-0.887030645035
-1.96268301296,0.713325034592,1.03617462497,0.668895860149
0.725305047893,-0.541802343659,1.15435772693,0.533188570171
0.204686433633,-0.275917088287,1.3275926872,0.201892783534
-0.422207871645,-0.586880434105,1.40874764966,-0.15914039031
0.105252150985,0.457279594248,1.54301159076,0.159591847975
-0.130923518562,0.0900111747827,1.23733408001,-0.374463316825
0.4497037325,0.948568571051,1.8658790794,-0.825571222011
-0.274780220303,-0.0298886403344,1.91086111102,-0.197083285169
0.589660341885,0.392269063433,1.97412130528,-0.855539788669
-0.420484328966,0.781815986049,1.63056067371,0.496125440197
0.883399414286,0.847498328646,1.55957188107,-0.909982831039
-0.153083767921,-0.957448884607,1.60367706379,0.0629675918776
-0.640437931641,0.327135277476,1.51968305188,-0.287240317277
0.499511054026,-0.0943134911286,1.26169534539,0.337655203635
0.338777047198,0.171167785915,1.55604264649,-0.952135186006
-0.100458311363,-0.562090246191,1.69633362869,-0.266798328077
-0.456555662865,-0.707994365638,1.60584821365,-0.45473479509
0.248022513133,-0.0482338947355,1.84421431338,-0.978721455621
0.772146057533,-0.320443701674,1.84707697988,-0.215852380175
-0.515839429624,-0.489700612153,1.73616198055,-0.299457960185
-0.669942088051,-0.626566526842,1.52486231151,-0.927460837287
-0.9666289814,0.337859314647,1.07499602558,0.899844303576
0.0304596582457,0.202726858393,1.5273900753,-0.583592726195
-0.108684372302,-0.881204265636,1.21250775028,-0.412929901053
-0.15608979717,0.336654903471,1.60593972673,-0.289444761997
1.07642626671,0.995208511593,1.02727771744,-0.420333246797
-0.725442611362,-0.28571660808,1.22892401039,-0.853762321264
0.189271232874,-0.334096393526,1.79731652827,-0.881695414915
0.0356139843561,0.683793043452,1.64650358499,0.200223618283
-0.258112638895,-0.969843237431,1.97036851151,-0.838787134239
0.130215638951,0.0406334922482,1.30088714173,-0.334962542045
-0.00678003510672,-0.0365038149016,1.45864079099,0.793253744032
-0.453376085225,-0.510108243871,1.60867654869,-0.754028962655
0.200774547096,-0.156472039667,1.14123744871,0.66124111054
-0.463640146852,0.882378311976,1.2642611077,0.488694043125
0.401895739873,-0.552814142582,1.22977563233,0.951740906744
-0.203927751337,-0.152582236548,1.549464934,0.461849963356
-0.127887448127,-0.0723910067949,1.11380605923,-0.437825705871
-0.0985887043009,0.675939239132,1.97738396173,-0.565543093545
-1.08881826431,0.881992786788,1.76522778736,0.867295573267
0.484558143952,-0.293529527063,1.24560362342,0.46577025434
0.384320938148,0.737006473211,1.235123552,-0.340885359504
-0.324620539849,-0.0620133802449,1.68809997717,-0.583961709298
-2.39047567055,0.871476978019,1.05603878357,0.888100761361
0.620115926777,0.846954170494,1.42593090774,-0.265676327848
0.247438070344,0.119638461386,1.18194089764,0.0383356669381
0.28571812963,0.751428064137,1.12513226766,-0.246043542131
0.819351646035,-0.368670038028,1.13110312166,0.635163824978
-0.161434829941,0.0220018950624,1.64413543094,0.537441919323
-0.781944468565,0.656912788455,1.57912587285,0.519367444538
0.371543420563,0.995237808123,1.55576704145,-0.256626076337
-0.294324573301,0.90414284301,1.64467268389,0.350253809114
0.522149840346,0.738939789713,1.68473569908,-0.384600025411
0.268053118524,0.581374989319,1.37481813846,-0.362489707608
0.585285969964,0.306234041183,1.22132747504,-0.669045353639
0.0625536157404,0.81000354942,1.85722469609,-0.406888276282
0.4966517427,-0.478885414997,1.41892445888,0.735780743902
1.44771020666,0.85469618791,1.23820327108,-0.589800535784
0.486849286451,-0.0783409476483,1.17326541188,0.685442237911
1.01164695025,-0.665481754218,1.54953376424,0.714941527043
0.181267576857,0.298707548007,1.68794967846,-0.142251557255
0.418709660112,0.263732509122,1.95674847779,0.413852099476
0.538760087365,0.2633151371,1.05420374936,-0.812794518615
0.445485435339,0.831170944362,1.94956243392,-0.715368167821
-0.470821773514,0.328648622285,1.62743187626,-0.119782734669
0.488930608727,-0.855439436502,1.81951716245,0.204542907838
0.250802075706,0.896667499706,1.36410506191,-0.287521852022
-0.161157862778,0.0190891892599,1.33202701297,0.194884922718
0.455596492912,0.189479900888,1.69057907114,-0.480171811592
0.00792981567085,-0.305079427722,1.83865563503,-0.316809039923
0.297776394579,0.033404335764,1.70370209702,-0.15717991706
-1.59238326377,0.591576031645,1.05123090299,0.89257491997
-0.540426464058,0.15209870252,1.30600460036,0.246361164856
-0.454147534308,-0.242409244063,1.02393730682,-0.749001955831
0.38533363628,-0.32383063212,1.51669808824,0.932758503022
-0.403105988772,0.0456007737486,1.56192892792,0.345853903435
0.241878294931,0.540111552292,1.79670805682,-0.275398789252
0.0735248659434,0.105440756032,1.98258758196,0.148700746184
0.643525019449,0.809575577002,1.57809079961,-0.438984377056
-0.677387647751,-0.824772211749,1.24012069964,-0.228743711128
0.0305370236266,-0.266117307202,1.3247375295,-0.574217249193
-0.489640046037,-0.572456635424,1.7697874038,0.197250759569
0.312846925509,0.287720428327,1.87927142261,-0.460527759464
-0.0779122494801,0.513362195351,1.79255236125,0.385938596997
0.0639064657315,0.623423988185,1.08864687586,0.10607181422
0.360080106981,-0.789233958832,1.91482950859,0.442294703179
-0.520847240015,0.366714468402,1.87004862176,0.888484941941
0.122777849439,-0.501554335652,1.67203576807,0.15889458253
0.0551591457736,0.267814088884,1.89585617802,0.403379589103
0.192192323378,0.316436425227,1.37162048499,-0.330179161436
0.291502289698,-0.514590719396,1.38463941174,-0.217150371871
-0.202269783585,-0.558261899594,1.94823843363,-0.161873519604
-0.244681862042,0.250117817902,1.3191022981,0.144985204481
0.669567693892,-0.0786172228268,1.24053800242,0.250245467353
-0.0645840391699,0.560935407322,1.90332283628,-0.997521601216
0.270473255629,-0.0433145361193,1.40866061279,-0.127651745309
0.0496915252178,0.212760282913,1.24048402511,0.802895880263
-0.0885690463147,0.186257393348,1.87227794542,-0.533802651826
0.0837830352761,-0.109042178964,1.2075506802,0.00701173916735
-0.444950057869,0.49449755903,1.4624787277,0.391073328071
1.54796180436,0.849490393706,1.26885928208,-0.82703330666
-0.586248236291,-0.49291756484,1.70744672967,-0.949997418827
0.882123186673,0.901878557425,1.35216380671,-0.272655719123
1.51987707781,0.836686478835,1.38872092119,-0.967086902598
0.264463128066,0.766505541585,1.35945564273,-0.112607983149
-0.469647855996,-0.407113470397,1.36852243783,-0.955942155124
-0.142612933218,-0.120655718926,1.75128450845,0.039658651649
-0.787021112322,0.261022551256,1.0788830213,0.422155884601
0.0291950956565,-0.572808207929,1.81147958557,-0.0983625270691
1.18549404385,0.682818843393,1.02318452403,-0.49939989748
-0.00658244628721,0.201831827091,1.62827812928,-0.881287046177
1.06754248562,0.879460857208,1.03010155153,-0.321598441657
-0.370263380162,0.694864960641,1.74601484233,0.353276224668
-0.17687597178,0.894025728472,1.9893759694,0.0474948055856
0.142064819787,0.145960109393,1.4659190523,0.392652056554
-0.372793384567,0.303507270207,1.21079870519,0.0767146970646
0.0571260159273,-0.34569598809,1.50885569076,0.475089534784
0.146212332477,-0.468945664476,1.80093927809,0.550050249422
1.07640155142,0.885379893745,1.36642131024,-0.531609354675
-0.374558522711,-0.347598399844,1.58143162248,0.173882783353
-0.237506942497,-0.776670759146,1.41746320599,-0.26305629862
-1.27159779757,0.546486291543,1.23181324711,0.870407173653
0.0805528872899,0.232491233042,1.15568260334,-0.575557689407
0.5243421903,-0.530829297426,1.17319297704,0.447608809747
0.264617671969,0.278467146416,1.56883954726,-0.282652362685
-0.0383046991257,-0.0212552947994,1.38037750012,-0.679502209717
0.165011295007,0.703609421217,1.5650532587,-0.634686816734
0.445358178621,-0.660468303447,1.52323463967,0.617257040168
-0.257011332231,0.686509965213,1.5956775675,-0.412816446684
-0.647821232945,-0.609159493921,1.89243278665,-0.650178087966
0.00397298800732,0.486869711331,1.45880845556,-0.298499801477
-0.0780215770673,-0.0300796870964,1.99053162136,0.0102829724449
-0.144225211017,-0.0166149779079,1.11029641352,-0.210563580274
-0.225539608187,-0.283033336621,1.66599932534,-0.580737878849
-0.238826265467,-0.759909737927,1.48141396365,0.068961686822
-0.281129282471,0.578424193509,1.84695814123,0.861792133014
-0.360203695875,-0.931164283798,1.23889792844,-0.372821370582
-0.45668932696,0.648600189505,1.03957527864,0.146786330608
0.485669778065,0.255964756751,1.82306653316,-0.88798188662
-1.0556707681,0.814731154806,1.31554028737,0.436719031487
-0.353572535041,-0.269464440517,1.09850199135,-0.639957371968
0.235677834591,-0.557131077764,1.70511179487,0.454556928389
-0.345621152318,-0.715678999812,1.61513027297,-0.5819502534
0.366403865071,0.758804374929,1.86380065736,-0.542374966937
0.234296867377,0.0418267730527,1.50343525486,0.888679535835
0.927330238785,0.435489017663,1.0030862052,-0.591613323731
0.908704146949,0.268895433154,1.21574076346,-0.630827852058
0.652473638758,-0.736270453756,1.63260435152,0.774884951819
0.167855703688,-0.222257964822,1.19744414166,0.769393142071
-1.02600379202,0.730006968942,1.25878746414,0.763852892392
0.127645204988,0.873760819162,1.11293782142,0.119358783703
0.0331900702115,-0.449490701139,1.3234265666,0.422097334
-0.572309713665,-0.958212123024,1.46259095728,-0.920670828457
1.43773422269,0.897801537431,1.20832703316,-0.85703493407
0.982751502868,0.989707679634,1.19059986992,-0.504333575065
0.36007741925,0.78850885157,1.84832552197,0.182242845684
-0.844218500896,-0.497374986425,1.41364185157,-0.72061184093
-0.199298930718,-0.255356586932,1.36719456003,-0.207425313081
1.57118637006,0.903823989608,1.10033207091,-0.726939912617
-0.675128968411,-0.368802810861,1.1649801824,-0.620275973494
-0.138478721461,0.133034739314,1.04750984801,0.598743000537
-0.179615812429,0.469276302797,1.91704640567,-0.16956521485
-0.177748030091,-0.447809235375,1.05168691278,0.111078466813
0.489445464006,0.136900166589,1.56849979711,0.0671086475819
0.0774170740488,-0.307957137893,1.88197169647,-0.411789024303
-0.105730327649,0.0341119223999,1.9902457758,0.867091227213
0.314551131956,0.0941808960982,1.64755752632,0.486857995519
0.340878936985,-0.209416784948,1.55037297296,0.928071989923
0.377607818541,-0.0247150949149,1.43984116031,0.827279366674
0.618599887565,0.6887750503,1.26318570221,0.0219381258704
-0.106683908493,-0.305470396851,1.45184501971,0.471815129962
-0.446867722512,0.489115530233,1.50336990233,0.873543113068
-0.796042936454,-0.958346326938,1.27641866217,-0.45509881081
0.666181612966,-0.738169739648,1.28551327358,0.623606289836
0.0657198435311,0.891862472567,1.42945995004,-0.369142761453
-0.114993760374,-0.00530857564557,1.39163494708,-0.307607956207
-0.49843105917,0.889689399642,1.67812472379,0.397226982105
0.486614568506,-0.619918359093,1.8480342788,0.585756088718
-0.138093254491,0.429025290672,1.17868238189,0.108062872812
-0.0379093778762,0.64726573674,1.94508969286,0.64865822007
-0.793574166555,-0.745578305976,1.65588958357,-0.82682951998
-0.336567706825,0.25401689262,1.19431740885,0.300394903122
-0.0639916619397,-0.464963240835,1.44253456846,-0.797797971415
0.597879008151,0.545415401235,1.38994212458,-0.779495430678
0.751345451477,0.797682641862,1.28747089629,-0.496050480274
0.959729417897,0.832787960417,1.90054302666,-0.981637787684
-0.316565056113,0.170979551236,1.88356841112,0.0341341966871
0.239049190889,0.0319093486818,1.40541144654,-0.769757571222
0.622188404048,0.720636045476,1.60330269219,-0.724221853437
-0.161904730818,-0.663808281025,1.78198758899,-0.47171836206
0.0233349686563,0.531260573516,1.06688973395,-0.0890131492552
-0.577307667527,-0.169304774333,1.58275391262,-0.777079675037
-0.203712156372,0.102300330412,1.90757270118,-0.681801699314
0.935599060599,-0.907824090406,1.51093233425,0.661773293643
0.741803335438,-0.655186643795,1.33187341525,0.326163294364
0.645960129926,-0.313720551009,1.12832612812,0.828945860997
-0.251642752049,-0.705341084985,1.66721946426,-0.383772326548
-0.914223075804,0.721772141556,1.58594919781,0.525856960488
-0.671715289717,0.0758306926698,1.55345827827,0.873877758042
0.191693686826,-0.991021192604,1.77072472553,0.562913905772
0.918303639896,0.296545522252,1.31886833799,-0.979728000087
-0.50995877269,0.121139077953,1.72716935162,-0.137231179806
0.462981309708,0.984625417474,1.12406215193,-0.482758096711
-0.0931057347791,0.35293859495,1.77717936053,0.841722563896
-0.901612899304,0.769930696931,1.51156594557,0.832364512023
-0.10963717313,-0.885878416345,1.89415003953,0.185452738709
0.28783689766,0.834246335647,1.74226798186,-0.121716114168
-0.0593972724996,-0.682970423281,1.77527275422,-0.138083097418
0.110091909823,-0.655415851098,1.34939270698,0.203640238315
0.231085417587,-0.187219135206,1.99901043095,0.957695303821
1.45319029522,0.825715690425,1.08322425941,-0.630328102954
0.316300881909,-0.288889795513,1.6643484374,0.835570445218
0.000622302716937,0.335364215108,1.83806453166,0.576882090655
0.260999125927,-0.349304966233,1.68947346365,0.504783904484
-0.129777843956,0.248321299277,1.97827561857,0.87611255391
1.08739915492,0.650211169375,1.22433311115,-0.457004549611
-0.331179310941,-0.148988541939,1.15096069101,-0.735853836944
-2.17449729511,0.951269693989,1.10673944398,0.708097888164
0.591026277077,0.87158936977,1.55158519469,-0.155429474647
0.371602600962,-0.599753624225,1.36704556882,0.698011924678
0.0127884598129,0.391992234987,1.25461372324,-0.0412952565607
0.231909378641,0.642926768898,1.75146476432,-0.371730225591
-1.48073923242,0.885392842379,1.24087673179,0.791660239269
-0.31862730352,-0.00591849387492,1.87715178076,-0.2839089246
-0.19275821588,0.840621051312,1.75420675246,0.366563359983
0.0161370367209,0.421402060819,1.94298447945,-0.189423546792
0.151072343577,0.0349529817115,1.57885516313,0.0151900147445
-0.450550606224,0.373509287453,1.4059391794,0.362840408076
-0.166882614901,-0.0381999276912,1.90125119939,-0.677421892281
-1.64661735034,0.983548291701,1.57502412091,0.902093989861
0.94448513393,-0.551118922656,1.6679949516,0.460805763455
-0.723633241278,0.875051344492,1.37211268764,0.660227175463
0.673160298091,0.349036671717,1.05369142685,-0.988285390655
-0.0242904441337,-0.922377485648,1.59521997202,0.461111537808
-0.22669637641,-0.0449560824717,1.11742562106,-0.327056497634
-0.233462161689,-0.301205217287,1.90644191436,0.957891909736
-0.193537222545,-0.465796260335,1.48165283127,-0.540494437148
-1.19259084793,0.96939111238,1.89967260081,0.867172886957
0.961305421255,-0.578043395102,1.07968979909,0.511491591368
0.19247954938,0.184185546367,1.21948152435,-0.583124599194
0.444211626468,-0.567333895216,1.27869415716,0.064055049326
1.23407211248,-0.915287446748,1.067445557,0.517073076843
-0.287137183453,0.293432957554,1.76787876754,0.96572082012
0.917721897073,-0.592446411165,1.32712199104,0.900996370811
-0.080330944572,0.00659589114947,1.61509302454,-0.78935778999
-0.565307549769,-0.230349702862,1.78882246682,-0.918735942772
0.323817464026,0.338892187969,1.71604892086,-0.724900508785
0.300614536897,0.358707447156,1.41665287092,-0.236789864695
0.196757705146,0.583270758458,1.83516573605,-0.743881621958
-0.708891799864,-0.55742250244,1.95327243536,-0.51849762431
-0.362792742365,0.0223919644346,1.81557660752,-0.867564782733
0.661468354739,-0.923055412185,1.25116104453,0.660933966494
-0.505032206721,0.236600430924,1.10464412365,0.993915730269
0.24265243166,-0.0881083689375,1.69008285699,0.334029097132
-0.444781159083,0.255682073083,1.25614576004,0.944369741813
0.879665150932,-0.854463705953,1.31414050389,0.404042318486
-0.806467937142,-0.400222062576,1.23856883826,-0.584672856119
-0.240622763435,-0.205362872231,1.64970243824,0.473321773393
-0.261155873022,-0.331740083274,1.52662816832,0.085710652347
0.25760221233,-0.40054673077,1.00239838507,-0.0930495077545
-0.212250931216,0.161984922084,1.73576903777,-0.0796360434149
0.134154054232,-0.99192598567,1.92827936336,0.194637233687
0.264144471668,-0.25883371465,1.66528606936,-0.169175482766
0.411615756704,-0.666250758221,1.77839869756,0.96157787491
-0.706539368102,0.7954165661,1.82435283633,0.392998178194
0.347443738105,-0.236499891719,1.35040965795,0.692784959151
-0.143895754257,-0.591637355099,1.49516867622,-0.569650418113
-0.515675934324,0.757920468726,1.71758029785,0.643269900777
0.0815427872405,-0.0279222263377,1.02275167513,0.476394287042
-0.215106334364,0.333342240973,1.48467002184,0.268909731011
-0.637837887271,-0.492220942483,1.72937697531,-0.176134782468
-0.807281327819,-0.803121042766,1.51297093798,-0.985941571883
-0.107712248484,-0.609968885382,1.95801296763,0.315678567653
-0.228398622833,0.378248861279,1.5866589664,0.70638341827
0.00526903725472,0.597766388977,1.68346702139,-0.918216876236
-0.106134041107,-0.476237518935,1.81590605703,-0.935153910972
0.395263908695,-0.37352369069,1.46864181702,0.804647704027
0.825491313834,0.608798681835,1.8430195168,-0.635666847252
-0.246154954328,0.927126642047,1.57429121828,0.238324249923
0.875110665698,-0.589277534109,1.34544802597,0.866048609055
2.13124451861,0.899908127787,1.2325388367,-0.990639569825
-0.11176646734,-0.0539690385189,1.19205054927,0.487424239352
-0.0370412139363,-0.0940569222521,1.86380901229,-0.0632175753996
-0.303107953359,0.0601315427027,1.25285276369,0.654379176085
0.331058180324,-0.151441954454,1.59448659917,0.463885456287
-0.0577428722167,0.0734664380016,1.09498688825,0.94755072756
1.09743598916,-0.673246665575,1.00497811713,0.661656548875
0.418715612415,0.0250272168547,1.0852300825,-0.251673023372
0.16050904541,-0.98204297739,1.99727810142,0.0620478655286
-0.0894044300748,0.718693743573,1.74519544065,0.505253171553
-0.345957460412,0.0273248060751,1.64309144737,-0.709263604074
-0.342259696514,0.0841954720652,1.72136225224,0.385308345957
-0.127691905427,-0.496806494022,1.61417573464,0.373502450173
-0.890167236969,0.890592351586,1.42018941273,0.706265181401
1.21053717433,-0.797175731449,1.04269048141,0.65569068055
0.0129934900469,-0.443439484762,1.8248114417,0.714307853041
-0.0298630440309,-0.208283245708,1.08473136498,-0.347970167902
0.116251801613,-0.117440039942,1.58664310545,0.185597912225
-0.108584286924,0.318141414493,1.51194393504,-0.346077659308
0.218339495511,0.687918679085,1.81445447775,-0.596949257084
-0.22067199934,-0.0658514580491,1.15314131687,0.720419284509
-0.259592885878,-0.345765826388,1.14829182966,-0.12045152185
0.759682799291,-0.472712549496,1.43614297792,0.893013852242
0.110941502678,-0.121358586428,1.24464795153,-0.409364571912
-0.148623636017,-0.419028860941,1.86414907716,-0.538673170703
-0.276618730766,0.018356084237,1.28688737857,0.497123448498
0.897782951657,0.70962368795,1.48377977393,-0.793520724994
1.05332258785,0.621650460644,1.16169079525,-0.640783927803
0.602457703653,-0.20288531329,1.04301408244,0.695385553576
0.649454034727,-0.0835450886582,1.20982512017,0.852794805633
-0.00869702078932,0.260572641429,1.98664888655,0.115609878651
-0.403695203581,0.242761962318,1.61510736682,0.86841875712
0.00763973791134,0.132474462247,1.84369492726,0.441999293636
-0.244049213953,0.879538613115,1.34616546866,0.215899165774
-0.389679259886,-0.360258416877,1.45932052418,0.0786936009583
1.10581604453,-0.913922543778,1.25262346986,0.602722029877
-0.210452385526,-0.217895447095,1.44068499694,0.701807786001
-0.345874051111,0.0070183947204,1.14228425451,-0.934715297347
0.724912236066,0.2469435229,1.46249342868,-0.791698436234
0.63605052373,0.933489364494,1.72579780129,-0.337086865806
1.07393700204,-0.792543632428,1.37825017373,0.59286532468
-0.467996782632,0.215306736359,1.24920696617,0.226896868513
-0.534155151556,0.327505574196,1.05892123032,0.507977729358
-0.607905535457,-0.60419842748,1.58427581069,-0.574587678284
0.221436672917,-0.596669138666,1.54153304464,0.517356653873
-0.64030603811,-0.774440905069,1.75722062057,-0.451153036535
-0.172627311433,0.33361269772,1.79472054787,0.989032620977
0.132681393532,-0.299828486214,1.21933179322,-0.0781553606357
-0.145665749969,0.202742066216,1.77368122098,0.491537246108
-0.574483651153,0.889291174438,1.60085416627,0.937145712974
0.543948735785,-0.605394464989,1.86547927874,0.355711070289
0.914704034763,0.722822168358,1.38382433245,-0.63478329682
0.272016756151,0.0663899384016,1.58402431943,0.375302902825
0.230126643367,-0.549093915498,1.09107405449,0.695277912063
0.104605852587,-0.00344910743009,1.14098162891,-0.087169828142
-0.509773133743,-0.82731462093,1.92992095005,-0.751506681029
-0.0244527268588,-0.751170267101,1.40756397106,-0.278869005373
0.0821113421234,-0.641090260108,1.34758415301,-0.01812925418
0.333063285824,-0.986571967303,1.92128651696,0.136496296801
-0.244169477239,0.896003501105,1.98671078992,0.590631026677
0.700925804959,-0.889778344835,1.16072317143,0.40478741949
-0.380155103406,0.608487098608,1.40994271997,0.320170253833
0.887100534823,-0.45990034597,1.09010115075,0.676906635399
-0.400573530497,0.801646529371,1.63935430051,0.341922255361
-0.604621455512,0.489117094121,1.15588101828,0.234539074147
0.71136538002,-0.385913015711,1.18356235971,0.328751364451
0.314516211402,-0.964749549077,1.784460423,0.385479391561
-0.491178761235,0.42269282259,1.39383146298,0.476400970972
-0.0488290486531,-0.464564802132,1.83647286292,0.444717773132
-0.011291634067,-0.423600533867,1.80609730297,0.980106988862
0.184835077325,0.690055092382,1.4719238145,-0.388624994453
0.0366839784274,0.101621228463,1.2130735303,0.796804026978
-0.608724135534,0.616356375907,1.36356095218,0.446925615373
-0.156806915175,0.172535371974,1.90103557696,-0.261551097809
0.0662761677497,-0.456108878329,1.64610668968,-0.178027692432
-0.134657985305,-0.609036504547,1.26994888433,0.695310679682
0.660493528773,0.166218225323,1.18292574071,-0.492805498299
0.182690480611,-0.62741048424,1.80645772672,-0.306880856201
0.640291402221,-0.607798322117,1.24351704399,0.34791374947
-0.462410465032,0.167877493777,1.67287022461,-0.0718808735853
0.142682087243,0.363328638661,1.64394526739,-0.092499516288
1.15028263949,0.798708253464,1.41750428051,-0.857821971027
-1.87764260742,0.711397069827,1.08847304382,0.754172726998
-1.33994942696,0.715909320165,1.10696871773,0.722206237466
-1.44432938699,0.870745115294,1.15716075392,0.799857722893
0.181756611944,-0.659056593459,1.22533100955,-0.205796268064
-0.535821570385,-0.757315809649,1.29093050245,-0.217968390726
0.135214035864,-0.550854251295,1.37378323452,0.20564615005
-1.17912419857,-0.602292724145,1.17648922735,-0.752242124609
-0.362546254633,-0.570346187108,1.78212053841,-0.730005090358
-0.29147698005,0.0996316693723,1.2763970393,0.211208067526
-0.119189027672,-0.292077647623,1.93716747369,0.585249828039
0.406029805095,-0.696861220503,1.1847824833,-0.0290121709967
-0.417849778927,-0.68019349597,1.368755309,-0.0757026357436
0.410074155718,0.311388564365,1.86110791464,0.830712060499
0.114677715269,-0.760120334239,1.17024976783,0.11980051534
-0.277050466971,-0.101356390577,1.27001373894,0.177350193385
-0.168764577446,-0.534914711089,1.66608518137,0.264436431638
-0.433447044414,-0.742117101429,1.60694688409,-0.335586040955
-0.0296032561,-0.180547199016,1.23152073902,0.208758600693
0.0934405143707,-0.92015305579,1.15922243147,0.0314514658908
-0.0212731876277,0.740108131626,1.86670563309,-0.0977574181559
0.443903573721,0.87585650673,1.29809351721,-0.0601622393686
0.28975002228,-0.103329595057,1.35189980673,0.750936084399
0.531587954256,0.714656994537,1.58809539373,-0.485617300287
-0.267118756193,0.636539154623,1.92934749306,0.503935068768
0.454525061173,0.690684850317,1.69968099246,-0.764829827618
-0.612744814551,0.801510633651,1.79021125718,0.438135161056
-1.57759053786,-0.863080875102,1.07918706022,-0.522501601667
-0.000958077124192,0.227791128375,1.57875924133,-0.807127659109
-0.578518539778,0.616016088801,1.52690543336,0.608669542666
0.378280584306,0.7518237558,1.6376713168,-0.160497459187
0.055021252952,-0.165844835147,1.29132046101,0.815852752746
-0.516745936745,0.321394855535,1.06659332778,0.54930642853
-0.103051709816,-0.638424874898,1.81335262501,-0.496130118065
-0.152646225998,-0.388692060894,1.41260363283,-0.0330408762255
-0.533965569623,0.277991037168,1.98041743181,-0.382941277281
-0.0174840042585,0.692700429378,1.99761380594,-0.0444555111216
-0.123652301946,0.70968614674,1.65520308967,0.687938646523
-0.661012449199,0.491378814695,1.70640388349,0.597196748222
0.0889768418229,-0.954074630775,1.02445052456,0.105329442161
-1.15095823601,-0.832387281929,1.34049830964,-0.957509308109
0.444514802144,-0.770887772261,1.58867607923,0.460571847628
-1.72738167113,0.920386322574,1.07339431328,0.816829835407
