-0.681031789206,0.611311938771,1.26315247243,0.535743839933
-0.711319124434,0.36199866148,1.06344747398,0.697978939413
0.0196234609785,0.0171355875224,1.79969804479,0.267772040742
0.015501705463,-0.970077711849,1.59353846937,-0.112328558347
0.247655121593,0.596220150952,1.81492059159,-0.49987182262
-0.318331460871,-0.787803621322,1.9535977328,-0.668896397398
0.353602794972,0.482937238989,1.30159597047,-0.677201046848
0.0753472823651,0.0290968474435,1.66653840033,0.698392346694
-0.468580371479,-0.808998600965,1.49800970549,-0.377193385485
0.602167064467,0.822666044146,1.65371757694,-0.604161611388
0.495177631177,-0.579875304088,1.12469005779,0.312890364862
-0.0896229551109,-0.0506911935311,1.55950779661,-0.755049940062
-1.07824544272,-0.803035989228,1.00224841914,-0.476464837782
0.239090554193,0.79966031932,1.49571445157,-0.244265843876
-0.054739233827,-0.151374238705,1.788654789,-0.107740921792
0.952224714126,0.9727835668,1.30249691808,-0.449628565598
0.270456682846,-0.188296717184,1.73873069186,0.653320983431
-0.0376521568497,0.164126933951,1.71168926772,0.656616400295
0.179159664053,-0.0853531618314,1.4276893342,0.945336576642
-0.103435066968,0.807021948369,1.97135647991,0.213699183955
0.374343807353,-0.538705398582,1.817325661,0.857142664509
-1.26259764765,-0.87913404638,1.2195855849,-0.746123172855
-2.01620754848,0.947278369744,1.18991679124,0.895235222433
0.44097850176,0.675543386056,1.95686454074,-0.538969988242
-0.449246158399,-0.937428096572,1.59758328041,-0.282975656464
0.162158518612,-0.128833942585,1.12505314095,0.66785648602
-0.133432320742,-0.52788793202,1.58458635305,-0.337442184445
0.373336258473,0.413543250451,1.08085220809,-0.421778591454
-0.0545606398649,-0.307341916434,1.43522932951,-0.512716095515
-0.0780889184622,0.227986206974,1.25549045264,0.151536880763
0.464009232375,-0.627531072451,1.67860758379,0.70860316528
0.0671051528553,-0.992756336895,1.09433409567,-0.0165319322407
0.0613114667008,-0.158045718152,1.10180991448,-0.268144252948
-0.683463031889,-0.574840919827,1.06817481482,-0.571102571828
-0.501204767322,-0.719649949912,1.92542375705,-0.725286243883
-1.32417805754,0.968931464838,1.48312204267,0.977330348297
-0.384213130037,-0.522156303982,1.7687621834,-0.94483039996
1.01542691321,0.38789958735,1.14776270125,-0.94328381438
-0.109410493656,0.785312276411,1.47892866001,0.136892126422
-0.122275924168,0.0100202836654,1.95322346483,0.398596440528
0.352996400349,-0.670654487401,1.93634486329,0.577920060583
-0.0232522984386,-0.273423318092,1.92658474093,0.93871076555
-0.42883877561,-0.804812391107,1.86798219621,-0.749964824976
0.0465910281595,0.0467021028577,1.12728971337,-0.634967217792
0.0503397693505,-0.255741754554,1.46989692578,0.0948728811944
0.0435040814294,0.199222382321,1.81323994375,-0.2003800939
0.180895469696,0.860664590251,1.53715096201,-0.444470134765
0.102411805297,0.340474481309,1.57089763544,-0.295389501378
1.72740189085,-0.868067893795,1.12446358232,0.910164179401
1.30005752299,-0.544070852557,1.02841279817,0.9518704582
0.380634777842,0.384781222202,1.74047524131,-0.878105274115
-0.454013989371,-0.281699618204,1.12943062292,-0.532365649554
-0.231642232967,0.645264746528,1.74518398654,0.532551579117
-0.630804073318,-0.646852526215,1.81877607693,-0.974654353159
0.0424555326656,-0.63003357767,1.2135778437,-0.109323764242
0.431863435229,-0.971474541519,1.37677253468,0.325029376494
0.269688490692,-0.393577402109,1.78492438729,0.992054282512
0.396396899174,-0.152368706241,1.347251502,0.980748896343
-0.0910895799793,-0.239548304266,1.57535935856,-0.114754063277
-0.116478570042,0.102037903575,1.89500103204,-0.0515978839387
0.206543481948,-0.662853947065,1.97943722869,0.762674124222
-0.397678960832,-0.60611477608,1.97087983211,-0.7250970488
0.325575611091,0.18692724881,1.45410100044,-0.836625002281
0.159584455842,-0.250095372702,1.3800442925,0.154794775403
-0.451505801423,-0.386665647899,1.50120598183,-0.835334848375
-1.03588229293,-0.954389122187,1.30257631054,-0.687916403754
0.940172367685,-0.527428475423,1.16696761442,0.738110943576
-0.865926775142,0.926061628062,1.45694010523,0.557841698617
0.412618564903,-0.308200651044,1.71247787434,0.90469241248
-0.0213185970806,-0.058094331984,1.11442104337,-0.991415919736
-1.19749574192,-0.884585220253,1.2172321076,-0.74925520914
0.137279643709,-0.110011044558,1.20250235077,-0.403357896709
0.266421408796,0.962820164199,1.91137437754,-0.291075736686
-0.397804275145,0.758679050703,1.38877669561,0.303535948293
0.112926334122,-0.405576605493,1.95866766831,0.740669844123
-0.569317295888,0.523097955819,1.23609155199,0.584104439576
-0.0773949093349,0.822080360724,1.20039188119,0.0944451592902
0.854548988341,-0.687818311075,1.44856162213,0.798416463247
-0.600209205739,0.779604018661,1.91553061272,0.740773138347
2.1185711867,0.986739454769,1.0540118307,-0.789084222577
-0.00723852107804,-0.290448292249,1.295093228,0.15146666243
0.511850629346,0.494994521447,1.425713352,-0.66796726418
0.0989305381845,-0.60560703909,1.64812551095,0.0997032070505
-0.506651941848,-0.759439010189,1.36300560729,-0.37468982772
0.0477937691852,-0.0868391443328,1.36864923886,0.657813497631
-0.173428575615,-0.490896614033,1.92495741558,-0.242545972328
0.366541517953,0.789000661233,1.38285388191,-0.417975963222
-0.124214921531,0.220106513771,1.73114927611,-0.552744457855
0.197118628732,0.342475276779,1.82761954738,-0.657208778468
-0.0244822940115,0.276607550508,1.78393356869,-0.729768953278
-0.435526468035,-0.832463810413,1.1173452346,-0.254711155196
0.43789730517,-0.615370109205,1.49888291068,0.705602301317
-0.202259402565,-0.370915020588,1.18919372913,-0.338778553294
0.0791637761091,-0.311733365729,1.40550431605,0.272288211023
1.94942759382,0.820776134519,1.08818289353,-0.825237369611
-1.40422392079,-0.888404483255,1.15317331851,-0.78009807024
-0.145089508825,0.32713049073,1.96585431779,-0.103612528284
0.0492667972339,0.457482203492,1.8722691852,-0.262944553171
1.45828984249,-0.651560242881,1.09290556696,0.951294788159
-0.122144522724,0.734449571416,1.58894607624,0.187433906215
0.668896202226,-0.631705018118,1.85903035687,0.922797949709
0.478838535938,0.773696046305,1.32842533662,-0.373867651426
-0.396614075271,-0.705738897901,1.41233422628,-0.243160249442
-0.626622774833,0.681986595246,1.01631209888,0.341728400791
-1.29681168827,-0.941079301326,1.18607053045,-0.808024305061
-0.178033275896,0.977815859313,1.73611486407,0.0346523868695
1.46585402156,-0.987135073237,1.08810476836,0.631666412927
-0.908151379988,0.517577508132,1.15117168054,0.801911647112
-0.325425860879,0.469334609928,1.36574200779,0.632612544462
0.141340433005,-0.310460867746,1.23696719902,0.299624196074
1.33564027105,-0.914174688113,1.36092849793,0.816684904331
0.450820839584,-0.716803620461,1.74760493481,0.842054663177
-0.207732341047,0.271089007443,1.68597726408,0.941907983007
-0.510426070902,-0.877690746024,1.77107259594,-0.619696828378
-0.46830370848,0.374899903468,1.93754447302,0.975047929
-0.657852149507,-0.488457251263,1.33242873108,-0.721846135631
0.939143419142,-0.837691519764,1.35089766593,0.630595235967
1.22898259075,0.784847891511,1.28682440342,-0.712050747003
0.338688040958,0.333244582964,1.00376851641,-0.21305496389
-0.637776252709,-0.953603460074,1.30973222539,-0.445600552821
-1.04976042719,-0.783406826703,1.23529178484,-0.732582381098
-0.237569574622,-0.348357186088,1.92049034605,-0.50795772185
0.0553779069304,0.706672349958,1.58391961469,-0.160590800251
-0.962961154808,0.430585378779,1.03492952437,0.691640211344
-0.364413694182,-0.875391095964,1.36899463127,-0.133450961286
0.729470331147,0.75238517021,1.33252026432,-0.453317385309
-0.237646754903,-0.684037857611,1.29626993932,-0.0408364906597
0.199052876334,0.0590392750233,1.36038670222,0.589641915355
-0.629649309927,0.79084092037,1.34368531502,0.467314503704
-0.0310230800877,0.0819619633272,1.07310581676,-0.338147274152
-0.0065771345164,-0.661493778735,1.21280987538,-0.00233534186355
0.346180311079,0.258921460772,1.0638253842,-0.639719726338
-1.77642920182,0.645586912319,1.0528198149,0.87194436472
-0.63386173974,0.925083430572,1.79088948298,0.669492882184
0.24535388992,-0.0620448658112,1.36503397298,0.701095092499
0.401325844347,-0.822774722165,1.3352616022,0.330128343095
0.567819592698,0.617462536235,1.82677316491,-0.940602038084
-0.257118025069,-0.933278170662,1.52390760258,-0.263950997661
0.0652176943343,-0.497880475582,1.68889556145,0.50004649799
-0.047349213358,-0.290257678081,1.76478531497,-0.599449163388
0.0419764875431,0.572219683674,1.41836868077,-0.122297623003
-1.03472042945,-0.464156864641,1.01819927699,-0.823748931498
-0.121042286297,0.0848161698058,1.36910160753,0.760481030044
-0.334049805372,-0.48834900626,1.67126396438,-0.732763123892
-0.338477353615,-0.616980310098,1.68811664979,-0.631417769542
-0.907410846409,0.686973084669,1.46117347696,0.731060802055
0.168034849999,-0.913135993123,1.57306658711,-0.0479573205312
0.613163875974,0.590449493926,1.50806853172,-0.933688857219
-0.02307675073,-0.31565883755,1.58414709578,0.136515198065
-0.629272948995,0.943665888536,1.90082913365,0.42934223629
0.87129264336,0.658852848009,1.54114418426,-0.900872396275
-0.026353134268,0.773482715346,1.35882298779,0.136155736849
-0.104454122352,-0.196841991814,1.22832797524,-0.634305937077
-0.184958621973,0.282850340894,1.88400335174,0.476958964159
-0.0711023556226,-0.149597120755,1.41184447719,0.013245260412
0.507585968617,-0.548362701519,1.02826797582,0.281366706089
0.78599910458,0.61946874086,1.16727206922,-0.592123427575
0.150517147791,-0.0705300692465,1.77532819695,-0.0241200879314
-0.346925824891,0.268482672249,1.37395764678,0.82230823346
0.442215525183,0.388986046892,1.3378297829,-0.313362249513
-0.384917007034,-0.393920801227,1.15528487418,-0.621537482872
0.227858160347,-0.17691287437,1.78420884496,0.627870211384
0.81336674098,-0.499426428237,1.06428945514,0.630145371237
-0.422896505962,0.425554463564,1.20703541191,0.470274904884
-0.345909347872,-0.462650320913,1.33576807632,-0.554394865364
-0.153175805422,0.592961035966,1.96374625994,0.062596027866
-1.24654269348,-0.496479186801,1.0520915948,-0.921960213879
-0.272181519493,-0.318765080011,1.5712629658,-0.883242326206
-0.0349380782565,0.750677407405,1.75736342575,0.175183402307
-0.114875216325,-0.142164011015,1.25685262203,-0.0848649643422
0.166193565602,-0.669298013755,1.13958671991,0.145817753009
0.0312285219316,0.427830574736,1.88762671187,0.139311477636
-0.0866603863084,-0.745714553773,1.77117050086,-0.00997389004942
-0.241421715756,0.371606219919,1.48136854373,0.706934297733
-0.0444465499977,-0.00623480915346,1.46331071079,-0.417423816973
0.150657950077,0.0851443100978,1.28357717556,-0.217543419805
0.38654481187,0.345337157962,1.3408327789,-0.557110550503
-0.668674481308,-0.552718227106,1.14604708624,-0.442283776815
-0.310875232558,0.529666546882,1.54821435906,0.0413667564787
0.669808002666,-0.899531318777,1.20882858502,0.359577475325
-0.0668500383595,-0.0947118574908,1.86441887566,0.167577054522
-0.269939408105,0.119611824554,1.1658722665,0.664558515906
0.0185284370304,0.343516843443,1.55269392613,-0.379811045938
-0.0859643997393,0.0283343233191,1.84204170297,0.678180717392
0.0174239328397,0.433439501003,1.31786155955,0.203262527049
-0.588659561663,0.464570468596,1.22627923452,0.53419385594
0.173444975228,-0.640744283395,1.56481969027,0.024613426915
-0.0487066029165,0.211876589301,1.47322084126,0.634714749642
0.204594789138,0.609139132101,1.93805751245,-0.203105970492
-1.62437146788,0.97750112561,1.39750470232,0.994137542617
-1.22995696885,-0.54744611147,1.11798477131,-0.889841818108
0.699857636059,0.760600987654,1.08946795354,-0.234616509338
0.107740384076,-0.809303135773,1.96261931196,0.368745200026
0.743937376974,0.777804689213,1.62605872535,-0.694275312237
-1.53966395277,0.814471994476,1.21712569495,0.882789292229
0.171196354834,-0.827291918468,1.88135609631,0.112372425382
1.75756470326,0.862030078717,1.07411484392,-0.726063516269
-0.0262454694273,-0.366709551719,1.94887579778,0.173452931064
-0.285502147788,-0.100477870589,1.16209739453,-0.390893038392
-0.362519351955,0.940303463986,1.89091005682,0.457183047634
0.348544270667,-0.950426788328,1.68801812667,0.376125331768
-0.134341136177,0.725995301131,1.3742588272,0.0457521057127
-0.908292526088,0.94305906606,1.59268594317,0.750967840693
0.891371134932,0.728544824877,1.37275733424,-0.876953303735
0.425366393557,0.684350337495,1.34334621437,-0.267009008028
-0.0793421563742,0.0161028252855,1.55903561028,-0.5668074722
-1.22504013308,0.659203704362,1.29673052056,0.924557461842
-0.072565277536,0.13912773781,1.45574313706,0.492875072566
-0.251585086764,0.14702664243,1.44783649943,0.892145710918
-0.531646536722,0.632888287074,1.93333742124,0.876718587594
-0.253002733774,0.0381468821868,1.73748617298,-0.73608395695
-0.162710840063,0.202287874179,1.61316126883,0.518301107336
0.218782592467,0.598336175664,1.77371933169,-0.47289011171
-0.0520563187608,0.6800916878,1.02098723598,-0.00245351133274
-0.64032745485,-0.94050398012,1.60939490599,-0.503202848837
-0.83276603868,-0.777158814606,1.60692496512,-0.819223897957
-0.104732079778,-0.0958085627757,1.87636035168,-0.217747895666
-0.0543945527171,0.18017883672,1.26501114027,-0.335065737133
0.226319039086,-0.813071788015,1.17427715172,0.11388657544
-0.470717255249,0.427806139328,1.35065434558,0.651615169958
-1.61131828015,0.974394964135,1.1007000934,0.588911749112
-0.495345237921,0.82658480623,1.35416381733,0.362449972712
0.295953482928,-0.264637086522,1.2771449115,0.591874578592
0.0537956326888,-0.415955607036,1.89220376848,0.174146075286
-0.116431388589,0.401043187149,1.98206090384,0.264458987544
-1.3824806846,0.973232632597,1.41574993804,0.797860500223
-0.193245320548,0.0932980468127,1.87633735791,0.1967510438
0.267666174101,-0.334062297209,1.1013522857,0.396346003193
0.0444978423543,-0.445056008431,1.89264808333,0.380549080112
-1.11104237872,0.858885461429,1.08275378654,0.431319403036
1.58164227127,0.768939131221,1.20118926221,-0.854528170393
0.1487251173,0.2066852318,1.00913833645,-0.446709280696
-0.202466936365,-0.0936573746421,1.30146962804,-0.85033385505
-0.162149053009,0.178730167105,1.90970715236,-0.740027185302
0.303150207199,-0.227327950719,1.11687007401,0.794485304909
-0.739121701202,-0.57619827561,1.02073507756,-0.510189670598
0.183152519815,0.814728592815,1.93211387515,0.0529222833436
0.674808699307,0.899081467931,1.5611076169,-0.485320144956
-0.12543485742,0.0197431626585,1.59184508027,0.370262479802
1.09186607544,0.951672821661,1.69516301332,-0.911925967136
0.165589024019,0.3725512409,1.52777837427,-0.162447465635
-0.456178467136,-0.842115109252,1.87553603341,-0.455055322231
0.0102691653507,-0.383735954472,1.40317664629,-0.096279889802
1.46856082279,0.653570554736,1.17880173094,-0.962464306788
0.515452686013,0.523489711743,1.62860491296,-0.695123517031
-0.275507200684,0.00271901896399,1.22495960631,-0.290634281978
-1.15006717433,0.992099161331,1.2140878207,0.511151737911
0.797412969882,0.896608115129,1.51963366237,-0.652012061175
-0.0587720366258,-0.365567461099,1.49654631525,-0.293419530223
-0.157623745493,0.221776080702,1.258110308,0.436866045099
-0.963841037675,0.68517759492,1.4636310358,0.696382897195
-0.398196369741,0.695509122863,1.6763606627,0.608082371828
-1.53115185736,-0.714314199697,1.06365820568,-0.837316913792
0.778618308157,-0.93011938817,1.77241514349,0.950640674974
0.891727257624,0.928875703398,1.00509388298,-0.284894570611
-0.171194373486,0.622184696293,1.80225771988,0.525795819877
0.195589493511,-0.437137886747,1.51866396726,0.24109125917
2.11745607305,0.974135723219,1.12041914497,-0.82461979522
-0.260658581635,-0.556175101869,1.46426173211,-0.220672369472
0.581955002401,-0.690949073115,1.2305850565,0.391378719667
-1.9496802301,-0.853419870646,1.05763408767,-0.914900990009
-0.164848604158,-0.91273819874,1.46752128814,-0.241698334324
0.66855356673,-0.893909128631,1.60598583486,0.738834518211
0.498564013563,0.656399752766,1.6543342748,-0.64468636912
0.155030517618,0.116851410641,1.58439693025,0.0852849187935
-0.179206192647,0.467488737596,1.73098736359,0.746091926669
-2.1230950713,0.860042824101,1.00286570355,0.756812981154
-0.182201189684,0.115365345893,1.80859322194,0.125246339976
-0.112598756947,-0.157095488685,1.74267991709,-0.599731292993
0.0908904640413,0.435351365929,1.8285980339,-0.051722851042
-0.0470842429508,-0.466364419097,1.56473875488,0.132615273575
0.219346849143,0.365392124883,1.58232312327,-0.667173780641
0.207797356236,-0.157191434218,1.46042585737,0.925880051979
0.439690831167,-0.909338436694,1.32883189824,0.327270400614
-0.12641404283,0.510621986042,1.90255771299,0.117212434414
-0.0691737168819,0.0394102028454,1.43187022823,0.85683344207
-0.285837045684,0.566643579291,1.80137878141,0.466467694563
-0.146170960349,0.224965247631,1.00912269646,0.240831500953
0.239645079441,0.553089995818,1.69784501811,-0.275405475785
0.183782176363,-0.800076409437,1.89414573558,0.296115969042
-0.612056826398,0.524292281544,1.05054741296,0.394146848917
-0.282848102847,-0.574312934316,1.63643551718,-0.306810345354
0.767619415698,-0.979964794707,1.80381704008,0.717638999791
0.0268491174607,0.146095208637,1.61353878903,0.698812172146
-0.784878800794,0.673763519665,1.23945354825,0.647403390665
0.671017190829,0.243660607245,1.06447697377,-0.961995574186
0.0697768206115,-0.385154296488,1.83031608347,0.141032686246
-0.364071527269,-0.468735576738,1.67990689333,-0.651516105507
-0.152024170676,0.458408454569,1.76450290719,0.376526742613
-0.167345711629,-0.17677899427,1.55410995466,0.361157881034
0.576335521637,0.612171902228,1.26577945097,-0.606477484935
0.00861997322567,-0.0332518107781,1.24832055086,-0.0606071407904
0.308824770274,-0.353663086887,1.37088022133,0.420427739308
0.175391062818,0.666249965908,1.98387465564,-0.290933907004
0.0887692979882,-0.0771937177162,1.64065929052,-0.333909161681
0.482063906818,0.456045791191,1.35167603943,-0.684392721605
-0.715131242191,0.676588195208,1.08456645434,0.335714635701
-0.569005180434,0.490606954466,1.42719703784,0.7537268169
-0.374209197293,-0.448494542162,1.24714061026,-0.282416680099
-0.0154874991864,-0.013201468378,1.30071776151,-0.152033744097
0.763036185341,0.961870777584,1.50919259731,-0.536289421216
0.648638835469,-0.72257003421,1.84158791034,0.789922851751
0.0156645095913,0.203252810383,1.83325722207,0.526997205852
0.210866850039,0.175462706454,1.73117969051,-0.224853700591
0.354151747243,-0.788607815139,1.58851137309,0.301158726463
1.06738627321,0.462547003578,1.15882323385,-0.847997110825
-0.490579793348,-0.634839120262,1.11764204983,-0.172103403916
0.610826873386,0.249164449305,1.07319434501,-0.773214524852
0.318718677352,-0.147299016095,1.29319018458,0.887425191079
0.375977408668,-0.397376579987,1.63740524441,0.986430510771
0.0556810526911,0.479344195128,1.2739877475,0.108566380113
-0.13236416792,-0.0661402615659,1.15124124282,-0.557395343271
0.15101992483,-0.187503522347,1.31942330253,0.498949036373
0.444966311301,0.486103207365,1.58756506143,-0.843265183851
0.727876783008,0.926039096977,1.48942559746,-0.541079122068
0.035976573237,-0.363812936923,1.4777876595,-0.323005941974
-0.0608231933751,0.197271738539,1.79724933482,0.119545848633
-0.518083722708,0.306275760019,1.5268364897,0.891121698163
-0.183717952258,-0.353900633806,1.60452576162,-0.606584823857
0.201394135935,-0.200830237099,1.70779514758,0.709280586722
0.195708111819,-0.649294904604,1.63697971272,0.258725384215
-0.0621220164559,0.495789729144,1.67226247109,0.0542491742755
-0.255216439712,-0.714101687533,1.27241549641,-0.0816193969258
-0.362296430261,-0.657638401557,1.69586568234,-0.678278775312
-0.285193346275,-0.373544420917,1.88439726403,-0.489876197335
-0.743772852795,-0.612386408212,1.30480074762,-0.621790942963
0.31956723081,0.682483518705,1.47541550229,-0.423649907433
0.169956236868,0.211397848163,1.80453994149,-0.403165179608
-0.722761693575,-0.949244038659,1.24634080008,-0.450970417815
0.88571582452,-0.67886945825,1.28396547386,0.598457243941
-0.771283137191,-0.644777135767,1.39065011498,-0.791203517304
0.601019593036,0.362671401519,1.47298518626,-0.973105315526
0.387632834952,-0.571211227166,1.13133054012,0.353597662462
-0.148057315742,-0.0314916211755,1.39880713492,-0.88007779125
-0.763235831146,0.76555577191,1.08480766869,0.331808840984
0.694171018522,0.599775925793,1.54064807698,-0.726679965871
-0.281418998257,-0.0359679149812,1.22642436473,-0.0684122110581
0.242390226908,-0.148629010441,1.08927506737,0.72596330276
0.318896277189,0.24886365162,1.32056579295,-0.664043651207
-0.168245973138,-0.0512187433873,1.93084954347,-0.591782649089
-0.400413619171,-0.180309547576,1.00314002351,-0.928228467966
0.116299731474,0.69457436407,1.84139382399,-0.0562931610628
-0.212792236328,-0.210342682521,1.77975334498,-0.345918629939
0.412918167033,0.514687216424,1.35273374023,-0.616330725291
0.00922583285076,0.418915401569,1.72624535035,-0.409746147279
-0.236778064731,-0.383559350172,1.9665677093,-0.534477724331
-0.168785037712,0.579860714025,1.56278068647,0.040558787242
-0.518590617603,-0.750644188302,1.75026218534,-0.672807537369
0.108840948965,0.734088060857,1.60711792116,-0.102486214818
-0.28512072693,-0.61010749535,1.95456944097,-0.316783006168
-0.20029548615,0.177966326228,1.09097583316,0.428864412777
-0.0726823886764,-0.166415889104,1.91746923148,-0.376037498211
-0.563540950556,0.807906949204,1.36966212621,0.458261966719
-0.114220478544,0.176184799629,1.58156690084,0.881123578674
-0.502056920213,-0.636100120588,1.72716641236,-0.5877928999
-0.000170794727509,-0.122613358726,1.77514405753,0.20428791927
0.133386137084,0.475562203155,1.61231911157,-0.256205491603
0.28622440274,-0.827325368174,1.99863254368,0.146429924348
-0.762013859396,0.758358131283,1.71145765066,0.605100398247
0.480580478319,0.545189835802,1.08456355458,-0.2775676454
0.215380151133,-0.224601926189,1.47212480329,0.422441142945
-0.06021556737,-0.224904266168,1.94647014189,0.514165296196
0.706977991237,0.914754971994,1.32824535301,-0.394371236209
-0.17658947071,0.697642331914,1.29248712518,0.0626776883014
-0.376607519143,0.554165291226,1.987549473,0.612436261417
-0.544409870933,-0.563281489378,1.17773659997,-0.399913256956
0.668111822849,0.932123998492,1.91724817452,-0.708010989664
1.5748028185,0.901453802716,1.45325736631,-0.909702267965
-0.135322441981,-0.73930650909,1.80705368458,-0.514488555727
0.263210041848,-0.367731616556,1.32902726168,0.240379864635
0.212883624908,0.0915573969842,1.4271742449,-0.573648556046
-0.351473089405,-0.454782436316,1.63500323334,-0.946442994826
-0.163342864861,0.0579957955209,1.23457246279,0.456100014818
0.921389918824,-0.636625946082,1.35859937302,0.842179806374
0.0749051999989,0.880463938345,1.79926124279,-0.143523379279
0.135573617363,0.22851362948,1.53007109499,-0.65524383229
-0.187557105615,-0.529946285679,1.72295588817,-0.555582206728
0.124534092804,0.274240833644,1.50936809765,-0.449963452942
-0.400553206294,-0.259108587615,1.3502897487,-0.845552872396
-0.113688774418,-0.936643614213,1.38700148754,-0.0916238428164
0.0129598693702,-0.214552554072,1.01600583817,0.0503401095708
-0.0337289160864,0.102421829125,1.5219653692,0.317490906637
-0.505346806983,-0.784175838386,1.88251570862,-0.647296460645
-0.352420990215,-0.755695256859,1.88352215069,-0.584868204496
-0.685207968247,-0.383394885231,1.27217429975,-0.869851101031
0.129061936381,0.156790189684,1.71568843977,-0.422857178827
2.21763301229,0.722260258024,1.02915602125,-0.996897101706
-0.159927367505,-0.510779558113,1.75166840813,-0.282343352401
-0.193678485012,-0.111876288678,1.72888333912,0.487858173895
0.623671188201,0.560153441545,1.48029941631,-0.659062019104
-0.231337692852,-0.336145992325,1.88349537377,-0.86126526341
0.0831334837275,0.0306147745243,1.20071422049,0.0652556787602
-0.126424883433,0.319275004443,1.53321389853,0.175233532042
0.0145143877638,-0.0964523584207,1.94774326751,-0.799278962957
0.695329868717,0.359470770685,1.06572124259,-0.451690668646
0.651982433751,0.830035648505,1.51357923377,-0.504609789091
0.727008485724,-0.648589626811,1.44629918573,0.792792173839
-0.639796773813,0.64342076841,1.82736355035,0.946234795125
0.268856235849,-0.748136183664,1.62347224277,0.293609066422
0.730399867899,0.946091652767,1.07872261925,-0.217368701449
-0.33889906211,0.330308384711,1.61429219576,0.701755758957
-0.0674119958623,0.0917447834219,1.11583433858,0.133160352996
0.646111977265,-0.972780024276,1.99552348917,0.784175052507
0.0724273060046,0.67963906683,1.73007905291,-0.370994671917
-0.158034925061,-0.000423401197159,1.15371485923,0.55012000417
-0.0606144564731,-0.0902071307639,1.69115131501,-0.966236398003
0.225635200948,0.627854242216,1.98429719582,-0.236030373156
-0.00481847834371,-0.266579972036,1.43871278603,-0.0420281437304
0.317331860917,-0.370794119204,1.83793047359,0.721235702532
0.0977290446626,-0.0347150797019,1.50493057426,-0.70592999175
0.476831454796,0.454140559785,1.57202663769,-0.739366269024
-0.155773750981,-0.187322657185,1.66162815924,-0.809516728422
0.483927999312,0.748653697612,1.8753700845,-0.62293858368
-1.74570457126,0.909842695252,1.03508114223,0.65175502316
0.305822542408,0.730738094243,1.33302618982,-0.160626623401
-0.279064640783,-0.426880777648,1.797910714,-0.729723026264
-0.283566743061,0.03012798082,1.52658587387,0.859713919991
-0.106169431724,-0.12339791964,1.33205256903,-0.397152432791
0.214323258449,-0.768952626707,1.97197048194,0.396749463136
0.485886787606,0.306281603099,1.12919209134,-0.557236274336
0.070128461845,0.0693938307731,1.23607490251,0.386587108455
1.75009396744,0.721929876944,1.11291614042,-0.979248779037
0.50748644178,0.781797060667,1.96642810759,-0.56842389751
1.58400829591,0.579298368945,1.03065527423,-0.823651644368
0.486377652287,-0.248605012846,1.06283231426,0.603213447376
-1.0854783311,-0.678451918981,1.285718593,-0.95012761597
-0.650980513137,-0.618440147626,1.03268210642,-0.470948584138
0.542489230081,-0.68994463182,1.10479471908,0.291619535479
-0.508822048644,-0.383339454131,1.68359465111,-0.806360698528
-0.117591889959,0.182091743141,1.57412013987,0.91113985991
-0.121961131521,0.280231754768,1.98422173295,0.353131999956
0.419552236909,-0.931446045643,1.99717004667,0.677435037067
-0.216709909281,0.281476026418,1.18515542132,0.618757569787
-0.0339746971022,-0.227258331923,1.88094534798,0.299747847555
0.765824074423,-0.51536197601,1.00489150035,0.479334765204
0.865460726418,0.442873428649,1.12986271832,-0.825015261321
-0.141171115857,0.0645263196563,1.66383693404,0.36989132593
-0.0616481439996,0.23421843033,1.64962757914,0.367930774941
-0.257162320931,0.44854170167,1.76203070044,0.472800419846
1.64379681518,0.953229811082,1.16367708059,-0.696761380707
1.3688753887,-0.632904062917,1.04264730708,0.850575309854
0.36553189111,-0.586508955353,1.84702216201,0.810430330078
-0.112031189848,0.0032675850759,1.3209345002,0.672724804271
-0.514560996127,-0.63002602942,1.84793519683,-0.787478674774
-0.0174945686706,0.0601908359106,1.23161166428,0.0437270511435
0.024999138388,-0.152938034238,1.69520354362,0.79045447544
0.0254979718358,0.0943958024905,1.93746128075,0.216976079403
0.248802619598,0.581179987796,1.96273453475,-0.840030482448
0.0693801270825,-0.289828754175,1.38477267862,0.175760150672
-1.39158311703,0.68095668857,1.03585863924,0.657867219291
0.725833837989,0.481729680585,1.03982648381,-0.454658333821
0.0657692086989,0.488784860734,1.18833701638,-0.1470014697
0.0683424335731,-0.930470659578,1.35049401941,0.205424915708
0.339530962264,-0.351853273215,1.70026260164,0.619467185014
0.537220146837,0.35317017584,1.03157300465,-0.488446950701
-0.62426592702,-0.974930730977,1.43701935107,-0.411384332668
0.00288289531325,-0.0255320895831,1.2702902696,-0.707975528753
-0.0531243313944,0.612592739562,1.48035366533,0.12026955432
1.90146384981,-0.943753957979,1.0649134541,0.810107483449
-0.254096402925,0.760373612377,1.81409147404,0.456026582513
-0.377975963069,-0.813375568017,1.13388611208,-0.149002726894
-0.330992666732,0.656150768092,1.82941500522,0.51062281689
1.96213011323,0.865297442018,1.19297162636,-0.936671006042
0.368580827689,0.376209410375,1.6461069336,-0.838509880558
0.269529812999,0.694955376341,1.2289403063,-0.0710479455984
0.16017556578,0.36476082327,1.79124977418,-0.81828556603
-0.0974508918475,-0.226660801014,1.89153232677,0.444803424541
-0.296712364848,0.0802084528323,1.17873888073,0.899605932161
-0.497829661853,-0.825223079334,1.33019810543,-0.399460049852
-0.235788810955,-0.218737674916,1.84175244537,-0.472053378074
-0.545956821379,0.98760322749,1.06938196399,0.204617859879
0.0620575849607,-0.0692867204458,1.57625782619,-0.165499316189
-0.158140928966,-0.0633870232386,1.00288714272,-0.769851606125
0.697355866483,0.852726439969,1.75606567357,-0.623645343586
-0.0566952793887,0.114204616955,1.65948429387,-0.575916223087
-0.11244596056,-0.295108852511,1.01926944205,-0.297112368362
-0.354755941657,-0.24674490421,1.08572416031,-0.506733088642
-0.014879479777,0.00641514895974,1.03284841892,-0.5705276426
0.379481371732,-0.223565153161,1.94626568906,0.894788517359
-0.129685473159,0.212926897299,1.70112705404,0.305536865947
-0.167391751107,0.36399713015,1.85519467094,0.805567691297
0.118248048406,0.0721917169314,1.32083877738,-0.0655293502696
0.820599161781,0.972874264996,1.75170664536,-0.741214546021
-0.769871611468,-0.803613426962,1.30295403816,-0.662363968143
0.233079548605,0.725367896568,1.23196809828,-0.114720471678
0.65021348898,0.516627798232,1.10533721687,-0.578519205891
0.740795385004,-0.73787688335,1.54153736297,0.623488265949
0.637693780498,0.640846805445,1.41782481113,-0.503318346212
-0.446045242327,-0.359539083195,1.08332828822,-0.701798550977
-0.403131758821,0.360396396485,1.15859254,0.446598892698
0.987868061129,0.462780703058,1.13201347635,-0.80202793747
-0.379514090765,-0.0455500523995,1.60169981094,0.43795024499
0.128106878092,0.307479712091,1.65414509663,-0.779193112191
0.00134839863485,0.1139184246,1.61630904152,0.0258426843371
0.0509979124812,-0.0216439205819,1.63788927981,-0.862461463755
-0.0382078116583,-0.246714069461,1.61117255275,-0.175871824017
1.05368527231,0.645333953542,1.31705956843,-0.903386645383
0.378711965357,-0.329258854388,1.06528437855,0.618478553519
0.215373354251,0.729380098211,1.80076800468,-0.404446567452
0.874619353139,0.582589682445,1.19336012265,-0.746653866599
-0.200288006067,-0.523053951593,1.91863852668,-0.933484598649
-0.707545686099,-0.559584731758,1.71204720244,-0.979023228189
1.22807865499,0.796470279515,1.11628996048,-0.667698414437
0.372628807212,-0.428028484614,1.19210193334,0.544473710756
-0.428582024061,0.814937028041,1.06790222379,0.0987024540518
-0.534121760562,-0.620045373907,1.4569095941,-0.770180151722
-0.619257574702,-0.541772277749,1.41093354157,-0.702828769273
0.126391772621,-0.207449806515,1.77259261545,0.432573464917
-0.0867000867566,-0.106755611609,1.15689325634,-0.391140863955
-0.101995435294,0.694928133908,1.47496175388,0.162756121059
-0.132686572888,0.36603471353,1.90652753467,-0.0264321166104
-0.685076242829,-0.614835524136,1.68480914811,-0.925417879224
-0.16216871922,-0.837550782807,1.86096696784,-0.194662005164
0.788930821867,-0.591967456824,1.44005984741,0.770017248991
-0.00184756329626,0.0784627838082,1.83994355862,-0.70442312343
0.113056744998,0.145118683745,1.55765794724,-0.543862249978
-0.436566621515,-0.666868232445,1.28108701076,-0.208666475627
-0.0395827523095,-0.299487141645,1.50645719147,0.0552554671678
-0.321358044437,0.194182633531,1.23118396393,0.796569919195
1.41302161539,-0.728970913032,1.17790041972,0.847180452761
-0.0562979249535,0.212361058177,1.75296982782,0.446962496478
1.20031644168,0.855657915017,1.45229425186,-0.921522585542
0.344575759321,0.838259753421,1.32922521126,-0.239348596293
-0.107797671434,0.189357611931,1.87325601391,0.46484558009
0.0279673197629,0.186581362631,1.83278454452,0.592051340647
0.235970785003,0.0181450564599,1.53995836491,-0.852577448368
1.03281292013,0.85406398447,1.42680403072,-0.883410739615
0.0310671432402,0.86678992209,1.0342326173,0.0244310537429
-0.0567915443924,-0.296654741181,1.77366531456,-0.346300100861
-0.577152178791,0.561474461885,1.71378708681,0.876632132411
0.996083071925,0.441125575776,1.06806975861,-0.760901665409
0.294962612762,-0.230376881196,1.66470556189,0.797234434732
-0.192297969055,0.339535726462,1.39277974909,0.139974954166
-0.264805523316,0.644816202439,1.82325323168,0.278999846326
-0.0493226574704,0.245900762859,1.5548362592,0.678541065802
0.427428498794,0.347275788302,1.61746710692,-0.767864466077
0.273503407431,-0.534146590731,1.50172625415,0.334786782951
-0.0561887970296,0.215932697319,1.77028790155,0.791355362107
-0.217190823933,-0.974922834919,1.26221631545,-0.163009104901
-0.00349422866902,0.00455259508882,1.24981256217,0.904272528369
0.315797626854,0.552292527271,1.41515827403,-0.357428743803
0.0185447618226,0.442995791339,1.69691451763,-0.01200339356
-0.154769231193,-0.283699382825,1.75440471903,-0.258760529232
-0.680103871656,-0.937592949932,1.87166628564,-0.797865788089
-0.0239328189155,0.0805083299997,1.40034299526,-0.163062869377
-0.335443957677,-0.639608883619,1.97705656252,-0.562710432164
0.0595008286778,0.0209274952899,1.58626565614,0.352708218406
0.317164257083,-0.783934399621,1.93381249604,0.529142198732
0.228960431536,0.207151315874,1.12861131926,-0.143350713917
0.00848143534697,-0.146728030619,1.11867851988,-0.0280943531637
0.603467744489,0.809839522331,1.57767335442,-0.522535625561
-0.258172380385,-0.732003831595,1.22523371849,-0.24169369793
-0.427852608219,0.607291350021,1.66519055168,0.623179471348
0.136313615939,0.524765427748,1.85386453839,-0.38905200093
0.46636974237,-0.21789525994,1.26425740673,0.897991096026
-0.0193131237436,0.393089498317,1.62183859708,0.162338993491
1.41693293964,-0.918658558629,1.18341148019,0.774319428111
-0.180910894312,0.470938689447,1.74031823898,0.123474402518
-1.27102132763,0.74211169157,1.24165618793,0.846609303859
0.0998562500258,-0.0878315555327,1.58801424735,0.522151447325
0.740328169865,0.624389528263,1.48533036257,-0.795899402704
-0.451262764239,-0.466473920529,1.62797685695,-0.591261019101
0.241393020939,0.241007763172,1.53309084881,-0.83914443434
-0.443389622944,0.613269120801,1.51773791384,0.524862326715
0.633755384648,0.903947791697,1.66295567709,-0.399305440391
-0.0183913456909,-0.557418619274,1.21321653832,0.00769405236015
-0.148916576144,0.937561483194,1.39456250049,0.131743688992
0.0358943351966,0.00381597048439,1.40266877053,0.0088713749192
-0.430302499985,0.759873053832,1.58323629984,0.311193434174
-0.740717529924,0.865146498315,1.8636399137,0.915917796876
-0.029864715144,0.798874275152,1.78024865091,-0.00514459762619
1.81117299626,-0.691271836872,1.0860697,0.937987809529
0.662959741966,-0.931295032698,1.65765683805,0.724364311402
0.465553015142,-0.406448521174,1.10449242136,0.923391248263
0.270950013489,0.442798028442,1.49812213695,-0.611632500044
1.21219664051,-0.78372239927,1.31654875786,0.983313334496
0.878342978768,0.614674224678,1.55837236012,-0.933903096201
0.0536294398748,0.0412256312327,1.83458052589,0.346936920098
0.702738535092,0.867165681867,1.54813011279,-0.536590760413
0.474929125345,0.591280454427,1.24626591902,-0.458026804291
-0.427105433248,0.344912468056,1.09646541466,0.399123522311
0.0197300380683,-0.549504708646,1.86023616356,-0.304698739727
1.14353966522,-0.868156922639,1.32837610066,0.869394077321
0.870313793277,0.638810826361,1.11177633817,-0.548945040629
-0.271166769721,-0.496854606745,1.99012470778,-0.682569460894
0.101062589526,0.708675006619,1.9486521348,-0.178971273854
0.190413333197,0.825023489586,1.72054794325,-0.321018690589
0.707155680432,0.367768948474,1.09293446292,-0.582090444801
0.0751908675557,0.907048742407,1.57890748485,0.149233638402
-0.0117717243404,-0.287196877794,1.4839733252,-0.375801179313
-0.990453277831,-0.832236840274,1.38782738883,-0.819638840083
-0.404887655345,-0.17413578253,1.50307465569,-0.993602530656
0.0804022642801,-0.229613254138,1.00363731135,0.0822284894078
-0.764982596939,0.880588637579,1.17541937069,0.338658826263
0.278540401256,-0.133752017901,1.04301864849,0.218522303253
1.40067092603,0.764375112552,1.2831969199,-0.887030645035
-1.33636678486,0.713325034592,1.03617462497,0.668895860149
0.491595740865,-0.541802343659,1.15435772693,0.533188570171
0.206266180397,-0.275917088287,1.3275926872,0.201892783534
-0.146733146862,-0.586880434105,1.40874764966,-0.15914039031
-0.11187404069,0.457279594248,1.54301159076,0.159591847975
0.00325775579892,0.0900111747827,1.23733408001,-0.374463316825
0.816728790544,0.948568571051,1.8658790794,-0.825571222011
0.0825406833309,-0.0298886403344,1.91086111102,-0.197083285169
0.242429048778,0.392269063433,1.97412130528,-0.855539788669
-0.332871356266,0.781815986049,1.63056067371,0.496125440197
1.20599899862,0.847498328646,1.55957188107,-0.909982831039
-0.128279113196,-0.957448884607,1.60367706379,0.0629675918776
-0.0968298516479,0.327135277476,1.51968305188,-0.287240317277
0.0672377681515,-0.0943134911286,1.26169534539,0.337655203635
0.383741580108,0.171167785915,1.55604264649,-0.952135186006
-0.251125662843,-0.562090246191,1.69633362869,-0.266798328077
-0.343123039647,-0.707994365638,1.60584821365,-0.45473479509
-0.0489852895103,-0.0482338947355,1.84421431338,-0.978721455621
0.00360652183904,-0.320443701674,1.84707697988,-0.215852380175
0.141668430084,-0.489700612153,1.73616198055,-0.299457960185
-0.77463596043,-0.626566526842,1.52486231151,-0.927460837287
-0.85719103046,0.337859314647,1.07499602558,0.899844303576
0.0920110875089,0.202726858393,1.5273900753,-0.583592726195
-0.761109934889,-0.881204265636,1.21250775028,-0.412929901053
0.0714012350065,0.336654903471,1.60593972673,-0.289444761997
1.35017217603,0.995208511593,1.02727771744,-0.420333246797
-0.538139677614,-0.28571660808,1.22892401039,-0.853762321264
-0.210811167778,-0.334096393526,1.79731652827,-0.881695414915
-0.172415408784,0.683793043452,1.64650358499,0.200223618283
-0.511252496523,-0.969843237431,1.97036851151,-0.838787134239
0.0822416912958,0.0406334922482,1.30088714173,-0.334962542045
-0.0028847665026,-0.0365038149016,1.45864079099,0.793253744032
-0.49745910499,-0.510108243871,1.60867654869,-0.754028962655
0.32109455004,-0.156472039667,1.14123744871,0.66124111054
-0.773548854525,0.882378311976,1.2642611077,0.488694043125
0.969553722288,-0.552814142582,1.22977563233,0.951740906744
0.0577875331319,-0.152582236548,1.549464934,0.461849963356
0.0503471987598,-0.0723910067949,1.11380605923,-0.437825705871
0.574445731761,0.675939239132,1.97738396173,-0.565543093545
-0.901307705171,0.881992786788,1.76522778736,0.867295573267
0.255533022594,-0.293529527063,1.24560362342,0.46577025434
0.403604123086,0.737006473211,1.235123552,-0.340885359504
0.146295473004,-0.0620133802449,1.68809997717,-0.583961709298
-2.25282538425,0.871476978019,1.05603878357,0.888100761361
0.385743958322,0.846954170494,1.42593090774,-0.265676327848
-0.0832398210181,0.119638461386,1.18194089764,0.0383356669381
0.591660619374,0.751428064137,1.12513226766,-0.246043542131
0.433764636974,-0.368670038028,1.13110312166,0.635163824978
-0.110967166267,0.0220018950624,1.64413543094,0.537441919323
-0.354949927035,0.656912788455,1.57912587285,0.519367444538
0.433841317419,0.995237808123,1.55576704145,-0.256626076337
-0.448416737139,0.90414284301,1.64467268389,0.350253809114
0.308516745551,0.738939789713,1.68473569908,-0.384600025411
0.293161517822,0.581374989319,1.37481813846,-0.362489707608
0.394037448899,0.306234041183,1.22132747504,-0.669045353639
0.148251216251,0.81000354942,1.85722469609,-0.406888276282
0.582796640178,-0.478885414997,1.41892445888,0.735780743902
0.905386516618,0.85469618791,1.23820327108,-0.589800535784
0.224283365486,-0.0783409476483,1.17326541188,0.685442237911
0.6564954236,-0.665481754218,1.54953376424,0.714941527043
0.0301895411831,0.298707548007,1.68794967846,-0.142251557255
-0.0596918737188,0.263732509122,1.95674847779,0.413852099476
0.516096342666,0.2633151371,1.05420374936,-0.812794518615
0.505449909462,0.831170944362,1.94956243392,-0.715368167821
-0.0303603690056,0.328648622285,1.62743187626,-0.119782734669
0.267980874993,-0.855439436502,1.81951716245,0.204542907838
0.213063941145,0.896667499706,1.36410506191,-0.287521852022
0.0247116716905,0.0190891892599,1.33202701297,0.194884922718
0.106579703788,0.189479900888,1.69057907114,-0.480171811592
-0.0612892762297,-0.305079427722,1.83865563503,-0.316809039923
0.0413379711495,0.033404335764,1.70370209702,-0.15717991706
-1.45966073383,0.591576031645,1.05123090299,0.89257491997
0.187498723329,0.15209870252,1.30600460036,0.246361164856
-0.283201972614,-0.242409244063,1.02393730682,-0.749001955831
0.572160021605,-0.32383063212,1.51669808824,0.932758503022
-0.193314507655,0.0456007737486,1.56192892792,0.345853903435
-0.13202929882,0.540111552292,1.79670805682,-0.275398789252
-0.0205318266407,0.105440756032,1.98258758196,0.148700746184
0.432714538874,0.809575577002,1.57809079961,-0.438984377056
-0.191170446997,-0.824772211749,1.24012069964,-0.228743711128
-0.322017857797,-0.266117307202,1.3247375295,-0.574217249193
0.256935482397,-0.572456635424,1.7697874038,0.197250759569
0.169999880008,0.287720428327,1.87927142261,-0.460527759464
-0.474840604212,0.513362195351,1.79255236125,0.385938596997
-0.167206981812,0.623423988185,1.08864687586,0.10607181422
0.223452851309,-0.789233958832,1.91482950859,0.442294703179
-0.322736111963,0.366714468402,1.87004862176,0.888484941941
0.0965771720624,-0.501554335652,1.67203576807,0.15889458253
-0.105718431995,0.267814088884,1.89585617802,0.403379589103
0.230320170923,0.316436425227,1.37162048499,-0.330179161436
-0.199829491363,-0.514590719396,1.38463941174,-0.217150371871
-0.0985480454731,-0.558261899594,1.94823843363,-0.161873519604
-0.112512761023,0.250117817902,1.3191022981,0.144985204481
0.0166821889842,-0.0786172228268,1.24053800242,0.250245467353
0.460571585354,0.560935407322,1.90332283628,-0.997521601216
0.0334195595557,-0.0433145361193,1.40866061279,-0.127651745309
-0.294729514438,0.212760282913,1.24048402511,0.802895880263
0.0943038105049,0.186257393348,1.87227794542,-0.533802651826
0.0306631603944,-0.109042178964,1.2075506802,0.00701173916735
-0.305260087572,0.49449755903,1.4624787277,0.391073328071
1.45478726584,0.849490393706,1.26885928208,-0.82703330666
-0.421937143296,-0.49291756484,1.70744672967,-0.949997418827
0.262852791634,0.901878557425,1.35216380671,-0.272655719123
1.37137569996,0.836686478835,1.38872092119,-0.967086902598
0.0114241841978,0.766505541585,1.35945564273,-0.112607983149
-0.67029516087,-0.407113470397,1.36852243783,-0.955942155124
-0.229936526454,-0.120655718926,1.75128450845,0.039658651649
-0.285425066782,0.261022551256,1.0788830213,0.422155884601
-0.112235133955,-0.572808207929,1.81147958557,-0.0983625270691
0.90785327733,0.682818843393,1.02318452403,-0.49939989748
0.17581683841,0.201831827091,1.62827812928,-0.881287046177
0.847514774316,0.879460857208,1.03010155153,-0.321598441657
-0.268920752413,0.694864960641,1.74601484233,0.353276224668
-0.210536312962,0.894025728472,1.9893759694,0.0474948055856
0.120898860727,0.145960109393,1.4659190523,0.392652056554
0.0644769075346,0.303507270207,1.21079870519,0.0767146970646
0.404176497304,-0.34569598809,1.50885569076,0.475089534784
0.187381050009,-0.468945664476,1.80093927809,0.550050249422
0.84935755649,0.885379893745,1.36642131024,-0.531609354675
0.0632329923255,-0.347598399844,1.58143162248,0.173882783353
-0.14395036205,-0.776670759146,1.41746320599,-0.26305629862
-1.0164818267,0.546486291543,1.23181324711,0.870407173653
0.274109109157,0.232491233042,1.15568260334,-0.575557689407
0.649605777682,-0.530829297426,1.17319297704,0.447608809747
0.0323691130929,0.278467146416,1.56883954726,-0.282652362685
-0.150611653784,-0.0212552947994,1.38037750012,-0.679502209717
0.591666992488,0.703609421217,1.5650532587,-0.634686816734
0.584114593773,-0.660468303447,1.52323463967,0.617257040168
0.260128096927,0.686509965213,1.5956775675,-0.412816446684
-0.21362741021,-0.609159493921,1.89243278665,-0.650178087966
0.173661275979,0.486869711331,1.45880845556,-0.298499801477
0.020325188985,-0.0300796870964,1.99053162136,0.0102829724449
0.0755002683145,-0.0166149779079,1.11029641352,-0.210563580274
-0.0776238881608,-0.283033336621,1.66599932534,-0.580737878849
0.115560211122,-0.759909737927,1.48141396365,0.068961686822
-0.458054556037,0.578424193509,1.84695814123,0.861792133014
-0.712990458703,-0.931164283798,1.23889792844,-0.372821370582
-0.172888455697,0.648600189505,1.03957527864,0.146786330608
0.260197495048,0.255964756751,1.82306653316,-0.88798188662
-0.767532858359,0.814731154806,1.31554028737,0.436719031487
-0.476363032528,-0.269464440517,1.09850199135,-0.639957371968
0.325847276834,-0.557131077764,1.70511179487,0.454556928389
-0.399680718368,-0.715678999812,1.61513027297,-0.5819502534
0.420783282102,0.758804374929,1.86380065736,-0.542374966937
-0.2305858991,0.0418267730527,1.50343525486,0.888679535835
0.750352521937,0.435489017663,1.0030862052,-0.591613323731
0.196982230651,0.268895433154,1.21574076346,-0.630827852058
0.409916325693,-0.736270453756,1.63260435152,0.774884951819
0.218933944765,-0.222257964822,1.19744414166,0.769393142071
-1.08535103494,0.730006968942,1.25878746414,0.763852892392
-0.330400776824,0.873760819162,1.11293782142,0.119358783703
0.318817791459,-0.449490701139,1.3234265666,0.422097334
-1.05755725536,-0.958212123024,1.46259095728,-0.920670828457
1.72968087547,0.897801537431,1.20832703316,-0.85703493407
1.30237490634,0.989707679634,1.19059986992,-0.504333575065
-0.363624403771,0.78850885157,1.84832552197,0.182242845684
-0.452143560978,-0.497374986425,1.41364185157,-0.72061184093
-0.0717922140732,-0.255356586932,1.36719456003,-0.207425313081
1.66312556198,0.903823989608,1.10033207091,-0.726939912617
-0.286074225047,-0.368802810861,1.1649801824,-0.620275973494
-0.318538253009,0.133034739314,1.04750984801,0.598743000537
0.0201607942224,0.469276302797,1.91704640567,-0.16956521485
0.092723257971,-0.447809235375,1.05168691278,0.111078466813
-0.0867840230371,0.136900166589,1.56849979711,0.0671086475819
-0.159902222768,-0.307957137893,1.88197169647,-0.411789024303
0.0627409521754,0.0341119223999,1.9902457758,0.867091227213
-0.0146201663555,0.0941808960982,1.64755752632,0.486857995519
0.251115466444,-0.209416784948,1.55037297296,0.928071989923
-0.141522901168,-0.0247150949149,1.43984116031,0.827279366674
-0.0996640477063,0.6887750503,1.26318570221,0.0219381258704
0.399616638319,-0.305470396851,1.45184501971,0.471815129962
-0.605290021408,0.489115530233,1.50336990233,0.873543113068
-0.819251035618,-0.958346326938,1.27641866217,-0.45509881081
0.677432181799,-0.738169739648,1.28551327358,0.623606289836
0.435850496931,0.891862472567,1.42945995004,-0.369142761453
-0.123010817434,-0.00530857564557,1.39163494708,-0.307607956207
-0.514777480112,0.889689399642,1.67812472379,0.397226982105
0.488850369372,-0.619918359093,1.8480342788,0.585756088718
-0.252864615202,0.429025290672,1.17868238189,0.108062872812
-0.535476106064,0.64726573674,1.94508969286,0.64865822007
-1.02450133195,-0.745578305976,1.65588958357,-0.82682951998
-0.0189527835052,0.25401689262,1.19431740885,0.300394903122
-0.440551829409,-0.464963240835,1.44253456846,-0.797797971415
0.741711107791,0.545415401235,1.38994212458,-0.779495430678
0.721912493059,0.797682641862,1.28747089629,-0.496050480274
0.635392835572,0.832787960417,1.90054302666,-0.981637787684
-0.0431561108295,0.170979551236,1.88356841112,0.0341341966871
0.235513957063,0.0319093486818,1.40541144654,-0.769757571222
0.83285377925,0.720636045476,1.60330269219,-0.724221853437
-0.157781425294,-0.663808281025,1.78198758899,-0.47171836206
-0.0427969291851,0.531260573516,1.06688973395,-0.0890131492552
-0.128679664566,-0.169304774333,1.58275391262,-0.777079675037
-0.00292949425097,0.102300330412,1.90757270118,-0.681801699314
0.669623027718,-0.907824090406,1.51093233425,0.661773293643
0.264615413997,-0.655186643795,1.33187341525,0.326163294364
0.722585554958,-0.313720551009,1.12832612812,0.828945860997
-0.236381354714,-0.705341084985,1.66721946426,-0.383772326548
-0.702708573649,0.721772141556,1.58594919781,0.525856960488
-0.0700065585476,0.0758306926698,1.55345827827,0.873877758042
0.48405090396,-0.991021192604,1.77072472553,0.562913905772
0.521698914444,0.296545522252,1.31886833799,-0.979728000087
0.190947307846,0.121139077953,1.72716935162,-0.137231179806
1.21009939843,0.984625417474,1.12406215193,-0.482758096711
-0.267917291658,0.35293859495,1.77717936053,0.841722563896
-0.842230128948,0.769930696931,1.51156594557,0.832364512023
0.151912236813,-0.885878416345,1.89415003953,0.185452738709
0.115018629815,0.834246335647,1.74226798186,-0.121716114168
-0.325188538733,-0.682970423281,1.77527275422,-0.138083097418
0.184303266463,-0.655415851098,1.34939270698,0.203640238315
0.295774810932,-0.187219135206,1.99901043095,0.957695303821
1.39888140601,0.825715690425,1.08322425941,-0.630328102954
0.373204525078,-0.288889795513,1.6643484374,0.835570445218
-0.221856607358,0.335364215108,1.83806453166,0.576882090655
0.182222800537,-0.349304966233,1.68947346365,0.504783904484
-0.19737564954,0.248321299277,1.97827561857,0.87611255391
0.779010795761,0.650211169375,1.22433311115,-0.457004549611
-0.298868694881,-0.148988541939,1.15096069101,-0.735853836944
-1.79993567871,0.951269693989,1.10673944398,0.708097888164
0.30931292536,0.87158936977,1.55158519469,-0.155429474647
0.521971477023,-0.599753624225,1.36704556882,0.698011924678
-0.0406405398774,0.391992234987,1.25461372324,-0.0412952565607
0.467985399878,0.642926768898,1.75146476432,-0.371730225591
-1.75312388783,0.885392842379,1.24087673179,0.791660239269
-0.053199762924,-0.00591849387492,1.87715178076,-0.2839089246
-0.474107282402,0.840621051312,1.75420675246,0.366563359983
0.0552191379149,0.421402060819,1.94298447945,-0.189423546792
-0.125665118386,0.0349529817115,1.57885516313,0.0151900147445
-0.164911002733,0.373509287453,1.4059391794,0.362840408076
0.13797042059,-0.0381999276912,1.90125119939,-0.677421892281
-1.23181783786,0.983548291701,1.57502412091,0.902093989861
0.389481128988,-0.551118922656,1.6679949516,0.460805763455
-1.02654454442,0.875051344492,1.37211268764,0.660227175463
1.16469638518,0.349036671717,1.05369142685,-0.988285390655
0.426187642318,-0.922377485648,1.59521997202,0.461111537808
0.0404792584969,-0.0449560824717,1.11742562106,-0.327056497634
0.138439958904,-0.301205217287,1.90644191436,0.957891909736
-0.377437411529,-0.465796260335,1.48165283127,-0.540494437148
-0.956236648593,0.96939111238,1.89967260081,0.867172886957
0.810340288584,-0.578043395102,1.07968979909,0.511491591368
0.302263500527,0.184185546367,1.21948152435,-0.583124599194
-0.0317341141497,-0.567333895216,1.27869415716,0.064055049326
1.15381838553,-0.915287446748,1.067445557,0.517073076843
-0.325615326558,0.293432957554,1.76787876754,0.96572082012
0.77631693083,-0.592446411165,1.32712199104,0.900996370811
-0.0284481816131,0.00659589114947,1.61509302454,-0.78935778999
-0.363238007124,-0.230349702862,1.78882246682,-0.918735942772
0.434084604179,0.338892187969,1.71604892086,-0.724900508785
0.259288001895,0.358707447156,1.41665287092,-0.236789864695
0.46931626766,0.583270758458,1.83516573605,-0.743881621958
-0.14482770506,-0.55742250244,1.95327243536,-0.51849762431
0.111704359495,0.0223919644346,1.81557660752,-0.867564782733
1.05063159513,-0.923055412185,1.25116104453,0.660933966494
-0.708340106274,0.236600430924,1.10464412365,0.993915730269
-0.0599162236625,-0.0881083689375,1.69008285699,0.334029097132
-0.60011211044,0.255682073083,1.25614576004,0.944369741813
0.587252480288,-0.854463705953,1.31414050389,0.404042318486
-0.521927344967,-0.400222062576,1.23856883826,-0.584672856119
0.122536079362,-0.205362872231,1.64970243824,0.473321773393
0.0430466237199,-0.331740083274,1.52662816832,0.085710652347
-0.161821720634,-0.40054673077,1.00239838507,-0.0930495077545
-0.175133352783,0.161984922084,1.73576903777,-0.0796360434149
0.104266554079,-0.99192598567,1.92827936336,0.194637233687
-0.119498885492,-0.25883371465,1.66528606936,-0.169175482766
0.538706500739,-0.666250758221,1.77839869756,0.96157787491
-0.165719525252,0.7954165661,1.82435283633,0.392998178194
0.128721052695,-0.236499891719,1.35040965795,0.692784959151
-0.219842018873,-0.591637355099,1.49516867622,-0.569650418113
-0.33947113042,0.757920468726,1.71758029785,0.643269900777
0.0831665148706,-0.0279222263377,1.02275167513,0.476394287042
-0.0213035716,0.333342240973,1.48467002184,0.268909731011
-0.114462645147,-0.492220942483,1.72937697531,-0.176134782468
-0.832121090129,-0.803121042766,1.51297093798,-0.985941571883
0.141119371095,-0.609968885382,1.95801296763,0.315678567653
-0.492522677496,0.378248861279,1.5866589664,0.70638341827
0.412397666641,0.597766388977,1.68346702139,-0.918216876236
-0.367551723767,-0.476237518935,1.81590605703,-0.935153910972
0.325318448556,-0.37352369069,1.46864181702,0.804647704027
0.240159457411,0.608798681835,1.8430195168,-0.635666847252
-0.359380983023,0.927126642047,1.57429121828,0.238324249923
0.885747937174,-0.589277534109,1.34544802597,0.866048609055
1.83976675803,0.899908127787,1.2325388367,-0.990639569825
0.149128119571,-0.0539690385189,1.19205054927,0.487424239352
0.104860388734,-0.0940569222521,1.86380901229,-0.0632175753996
-0.144173246073,0.0601315427027,1.25285276369,0.654379176085
0.130329698066,-0.151441954454,1.59448659917,0.463885456287
-0.327040326894,0.0734664380016,1.09498688825,0.94755072756
1.37320746591,-0.673246665575,1.00497811713,0.661656548875
-0.126885351122,0.0250272168547,1.0852300825,-0.251673023372
0.0335900291777,-0.98204297739,1.99727810142,0.0620478655286
-0.402168739462,0.718693743573,1.74519544065,0.505253171553
0.0324464812146,0.0273248060751,1.64309144737,-0.709263604074
-0.16288327277,0.0841954720652,1.72136225224,0.385308345957
0.189410799656,-0.496806494022,1.61417573464,0.373502450173
-1.08455403654,0.890592351586,1.42018941273,0.706265181401
1.22948419362,-0.797175731449,1.04269048141,0.65569068055
0.377956447892,-0.443439484762,1.8248114417,0.714307853041
-0.13527457909,-0.208283245708,1.08473136498,-0.347970167902
0.0229748287007,-0.117440039942,1.58664310545,0.185597912225
0.18579000214,0.318141414493,1.51194393504,-0.346077659308
0.595634278682,0.687918679085,1.81445447775,-0.596949257084
0.150425844355,-0.0658514580491,1.15314131687,0.720419284509
-0.184242537554,-0.345765826388,1.14829182966,-0.12045152185
0.682106989795,-0.472712549496,1.43614297792,0.893013852242
-0.164508844701,-0.121358586428,1.24464795153,-0.409364571912
-0.170506276574,-0.419028860941,1.86414907716,-0.538673170703
-0.204065179429,0.018356084237,1.28688737857,0.497123448498
0.796014030759,0.70962368795,1.48377977393,-0.793520724994
1.00646256002,0.621650460644,1.16169079525,-0.640783927803
0.584776517196,-0.20288531329,1.04301408244,0.695385553576
0.262265883651,-0.0835450886582,1.20982512017,0.852794805633
0.0384236813329,0.260572641429,1.98664888655,0.115609878651
-0.209230654938,0.242761962318,1.61510736682,0.86841875712
-0.227952221746,0.132474462247,1.84369492726,0.441999293636
-0.330181845181,0.879538613115,1.34616546866,0.215899165774
-0.0201906789391,-0.360258416877,1.45932052418,0.0786936009583
0.904820575823,-0.913922543778,1.25262346986,0.602722029877
0.176337493609,-0.217895447095,1.44068499694,0.701807786001
0.0350142174336,0.0070183947204,1.14228425451,-0.934715297347
0.156910902596,0.2469435229,1.46249342868,-0.791698436234
0.364842536458,0.933489364494,1.72579780129,-0.337086865806
0.722013416852,-0.792543632428,1.37825017373,0.59286532468
-0.146627232144,0.215306736359,1.24920696617,0.226896868513
-0.475891892205,0.327505574196,1.05892123032,0.507977729358
-0.291497684032,-0.60419842748,1.58427581069,-0.574587678284
0.280756538114,-0.596669138666,1.54153304464,0.517356653873
-0.192406871695,-0.774440905069,1.75722062057,-0.451153036535
-0.294080632189,0.33361269772,1.79472054787,0.989032620977
0.0654450529423,-0.299828486214,1.21933179322,-0.0781553606357
-0.0852776525612,0.202742066216,1.77368122098,0.491537246108
-1.19888794944,0.889291174438,1.60085416627,0.937145712974
0.222986457998,-0.605394464989,1.86547927874,0.355711070289
0.845616727849,0.722822168358,1.38382433245,-0.63478329682
-0.0686978139291,0.0663899384016,1.58402431943,0.375302902825
0.888966867007,-0.549093915498,1.09107405449,0.695277912063
0.0995672527841,-0.00344910743009,1.14098162891,-0.087169828142
-0.381963304334,-0.82731462093,1.92992095005,-0.751506681029
-0.221142850568,-0.751170267101,1.40756397106,-0.278869005373
-0.0188865770318,-0.641090260108,1.34758415301,-0.01812925418
0.234683726621,-0.986571967303,1.92128651696,0.136496296801
-0.461907889993,0.896003501105,1.98671078992,0.590631026677
0.751957481393,-0.889778344835,1.16072317143,0.40478741949
-0.221305715934,0.608487098608,1.40994271997,0.320170253833
0.751820482286,-0.45990034597,1.09010115075,0.676906635399
-0.590962848147,0.801646529371,1.63935430051,0.341922255361
-0.0844860773022,0.489117094121,1.15588101828,0.234539074147
0.257829840979,-0.385913015711,1.18356235971,0.328751364451
0.158261597091,-0.964749549077,1.784460423,0.385479391561
-0.315848193084,0.42269282259,1.39383146298,0.476400970972
0.0995343216666,-0.464564802132,1.83647286292,0.444717773132
0.414957368432,-0.423600533867,1.80609730297,0.980106988862
0.457161530037,0.690055092382,1.4719238145,-0.388624994453
-0.236585475493,0.101621228463,1.2130735303,0.796804026978
-0.362675738433,0.616356375907,1.36356095218,0.446925615373
0.0892986677317,0.172535371974,1.90103557696,-0.261551097809
-0.279744091399,-0.456108878329,1.64610668968,-0.178027692432
0.799300022742,-0.609036504547,1.26994888433,0.695310679682
0.311868350844,0.166218225323,1.18292574071,-0.492805498299
-0.386996308131,-0.62741048424,1.80645772672,-0.306880856201
0.296260098054,-0.607798322117,1.24351704399,0.34791374947
0.0198214796232,0.167877493777,1.67287022461,-0.0718808735853
0.0957327976484,0.363328638661,1.64394526739,-0.092499516288
0.918523617437,0.798708253464,1.41750428051,-0.857821971027
-1.47039507897,0.711397069827,1.08847304382,0.754172726998
-1.64353766556,0.715909320165,1.10696871773,0.722206237466
-1.67658579174,0.870745115294,1.15716075392,0.799857722893
-0.321664682179,-0.659056593459,1.22533100955,-0.205796268064
-0.301191157037,-0.757315809649,1.29093050245,-0.217968390726
0.173583449258,-0.550854251295,1.37378323452,0.20564615005
-0.848123213453,-0.602292724145,1.17648922735,-0.752242124609
-0.133409189,-0.570346187108,1.78212053841,-0.730005090358
-0.0561408804852,0.0996316693723,1.2763970393,0.211208067526
0.159150006236,-0.292077647623,1.93716747369,0.585249828039
0.170439742521,-0.696861220503,1.1847824833,-0.0290121709967
-0.108620476984,-0.68019349597,1.368755309,-0.0757026357436
-0.170412819173,0.311388564365,1.86110791464,0.830712060499
0.14211870038,-0.760120334239,1.17024976783,0.11980051534
0.0635009808369,-0.101356390577,1.27001373894,0.177350193385
0.282762437793,-0.534914711089,1.66608518137,0.264436431638
-0.351208043171,-0.742117101429,1.60694688409,-0.335586040955
0.0205260952745,-0.180547199016,1.23152073902,0.208758600693
0.0760888276845,-0.92015305579,1.15922243147,0.0314514658908
0.284192681559,0.740108131626,1.86670563309,-0.0977574181559
0.223707433933,0.87585650673,1.29809351721,-0.0601622393686
-0.107606714779,-0.103329595057,1.35189980673,0.750936084399
0.429782294858,0.714656994537,1.58809539373,-0.485617300287
-0.239047746769,0.636539154623,1.92934749306,0.503935068768
0.645145259397,0.690684850317,1.69968099246,-0.764829827618
-0.36838888369,0.801510633651,1.79021125718,0.438135161056
-1.00213638054,-0.863080875102,1.07918706022,-0.522501601667
0.193312915552,0.227791128375,1.57875924133,-0.807127659109
-0.702974798351,0.616016088801,1.52690543336,0.608669542666
0.168952658013,0.7518237558,1.6376713168,-0.160497459187
0.346317020878,-0.165844835147,1.29132046101,0.815852752746
-0.461922810214,0.321394855535,1.06659332778,0.54930642853
-0.356878574451,-0.638424874898,1.81335262501,-0.496130118065
-0.0392553427578,-0.388692060894,1.41260363283,-0.0330408762255
0.0656789114923,0.277991037168,1.98041743181,-0.382941277281
0.0502094493698,0.692700429378,1.99761380594,-0.0444555111216
-0.638261217986,0.70968614674,1.65520308967,0.687938646523
-0.302717301386,0.491378814695,1.70640388349,0.597196748222
0.226733532572,-0.954074630775,1.02445052456,0.105329442161
-1.19238405784,-0.832387281929,1.34049830964,-0.957509308109
0.504412881094,-0.770887772261,1.58867607923,0.460571847628
-2.005436283,0.920386322574,1.07339431328,0.816829835407
