-0.487802974036,0.611311938771,1.26315247243,0.535743839933
-0.44330861331,0.36199866148,1.06344747398,0.697978939413
0.0371356796467,0.0171355875224,1.79969804479,0.267772040742
-0.116449174341,-0.970077711849,1.59353846937,-0.112328558347
0.318834675247,0.596220150952,1.81492059159,-0.49987182262
-0.42541421337,-0.787803621322,1.9535977328,-0.668896397398
0.396578396883,0.482937238989,1.30159597047,-0.677201046848
0.0551259683235,0.0290968474435,1.66653840033,0.698392346694
-0.380525040797,-0.808998600965,1.49800970549,-0.377193385485
0.640016571835,0.822666044146,1.65371757694,-0.604161611388
0.364707768687,-0.579875304088,1.12469005779,0.312890364862
-0.0623154515103,-0.0506911935311,1.55950779661,-0.755049940062
-0.926795472866,-0.803035989228,1.00224841914,-0.476464837782
0.214436172927,0.79966031932,1.49571445157,-0.244265843876
-0.0971174284044,-0.151374238705,1.788654789,-0.107740921792
0.975507300872,0.9727835668,1.30249691808,-0.449628565598
-0.048579405815,-0.188296717184,1.73873069186,0.653320983431
-0.0133272573248,0.164126933951,1.71168926772,0.656616400295
0.022028063476,-0.0853531618314,1.4276893342,0.945336576642
-0.124583522672,0.807021948369,1.97135647991,0.213699183955
0.525505847628,-0.538705398582,1.817325661,0.857142664509
-1.09608600321,-0.87913404638,1.2195855849,-0.746123172855
-1.91218370888,0.947278369744,1.18991679124,0.895235222433
0.394892270127,0.675543386056,1.95686454074,-0.538969988242
-0.346754420195,-0.937428096572,1.59758328041,-0.282975656464
0.112596745965,-0.128833942585,1.12505314095,0.66785648602
-0.145924779401,-0.52788793202,1.58458635305,-0.337442184445
0.33066043416,0.413543250451,1.08085220809,-0.421778591454
-0.267770447507,-0.307341916434,1.43522932951,-0.512716095515
-0.16256593113,0.227986206974,1.25549045264,0.151536880763
0.313018728287,-0.627531072451,1.67860758379,0.70860316528
-0.0401325948667,-0.992756336895,1.09433409567,-0.0165319322407
-0.0773645708673,-0.158045718152,1.10180991448,-0.268144252948
-0.936208766002,-0.574840919827,1.06817481482,-0.571102571828
-0.43394847767,-0.719649949912,1.92542375705,-0.725286243883
-1.52817011235,0.968931464838,1.48312204267,0.977330348297
-0.321392481621,-0.522156303982,1.7687621834,-0.94483039996
0.826425923286,0.38789958735,1.14776270125,-0.94328381438
-0.351699355785,0.785312276411,1.47892866001,0.136892126422
-0.0349885860023,0.0100202836654,1.95322346483,0.398596440528
0.30792777061,-0.670654487401,1.93634486329,0.577920060583
0.152020517329,-0.273423318092,1.92658474093,0.93871076555
-0.408975999149,-0.804812391107,1.86798219621,-0.749964824976
0.0867348451894,0.0467021028577,1.12728971337,-0.634967217792
0.0698504711471,-0.255741754554,1.46989692578,0.0948728811944
0.0288284623515,0.199222382321,1.81323994375,-0.2003800939
0.515558535635,0.860664590251,1.53715096201,-0.444470134765
0.0269123969556,0.340474481309,1.57089763544,-0.295389501378
1.67998945495,-0.868067893795,1.12446358232,0.910164179401
1.53847436513,-0.544070852557,1.02841279817,0.9518704582
0.414800358574,0.384781222202,1.74047524131,-0.878105274115
-0.377236350892,-0.281699618204,1.12943062292,-0.532365649554
-0.296253255713,0.645264746528,1.74518398654,0.532551579117
-0.407990286551,-0.646852526215,1.81877607693,-0.974654353159
-0.165313180537,-0.63003357767,1.2135778437,-0.109323764242
0.443454812306,-0.971474541519,1.37677253468,0.325029376494
0.426529366186,-0.393577402109,1.78492438729,0.992054282512
0.0335082990001,-0.152368706241,1.347251502,0.980748896343
-0.0371243808434,-0.239548304266,1.57535935856,-0.114754063277
0.101967836147,0.102037903575,1.89500103204,-0.0515978839387
0.485472363804,-0.662853947065,1.97943722869,0.762674124222
-0.262450402653,-0.60611477608,1.97087983211,-0.7250970488
0.191727545377,0.18692724881,1.45410100044,-0.836625002281
0.0228003672674,-0.250095372702,1.3800442925,0.154794775403
-0.393777274465,-0.386665647899,1.50120598183,-0.835334848375
-0.855086853052,-0.954389122187,1.30257631054,-0.687916403754
0.745411690311,-0.527428475423,1.16696761442,0.738110943576
-0.76089940275,0.926061628062,1.45694010523,0.557841698617
0.486482704099,-0.308200651044,1.71247787434,0.90469241248
-0.137494372987,-0.058094331984,1.11442104337,-0.991415919736
-1.21910724635,-0.884585220253,1.2172321076,-0.74925520914
-0.0187349630605,-0.110011044558,1.20250235077,-0.403357896709
0.32162174808,0.962820164199,1.91137437754,-0.291075736686
-0.543665310412,0.758679050703,1.38877669561,0.303535948293
0.000955940751669,-0.405576605493,1.95866766831,0.740669844123
-0.52353276958,0.523097955819,1.23609155199,0.584104439576
-0.263113846847,0.822080360724,1.20039188119,0.0944451592902
0.858443772772,-0.687818311075,1.44856162213,0.798416463247
-0.550093518778,0.779604018661,1.91553061272,0.740773138347
2.23644778554,0.986739454769,1.0540118307,-0.789084222577
0.165122554994,-0.290448292249,1.295093228,0.15146666243
0.362517832371,0.494994521447,1.425713352,-0.66796726418
0.0685913972094,-0.60560703909,1.64812551095,0.0997032070505
-0.281720576702,-0.759439010189,1.36300560729,-0.37468982772
0.201889226187,-0.0868391443328,1.36864923886,0.657813497631
-0.201071208762,-0.490896614033,1.92495741558,-0.242545972328
0.617700909398,0.789000661233,1.38285388191,-0.417975963222
0.309055591696,0.220106513771,1.73114927611,-0.552744457855
0.217700382053,0.342475276779,1.82761954738,-0.657208778468
0.121014173996,0.276607550508,1.78393356869,-0.729768953278
-0.457818117375,-0.832463810413,1.1173452346,-0.254711155196
0.430200676579,-0.615370109205,1.49888291068,0.705602301317
-0.12805330126,-0.370915020588,1.18919372913,-0.338778553294
0.0380106954601,-0.311733365729,1.40550431605,0.272288211023
1.95735246062,0.820776134519,1.08818289353,-0.825237369611
-1.49084621956,-0.888404483255,1.15317331851,-0.78009807024
0.165457182295,0.32713049073,1.96585431779,-0.103612528284
-0.0348114915871,0.457482203492,1.8722691852,-0.262944553171
1.35255999693,-0.651560242881,1.09290556696,0.951294788159
-0.100401809912,0.734449571416,1.58894607624,0.187433906215
0.547075796142,-0.631705018118,1.85903035687,0.922797949709
0.514884033853,0.773696046305,1.32842533662,-0.373867651426
-0.249762919481,-0.705738897901,1.41233422628,-0.243160249442
-0.739208775652,0.681986595246,1.01631209888,0.341728400791
-1.42833654571,-0.941079301326,1.18607053045,-0.808024305061
-0.0917110002636,0.977815859313,1.73611486407,0.0346523868695
1.43835729535,-0.987135073237,1.08810476836,0.631666412927
-1.06124427335,0.517577508132,1.15117168054,0.801911647112
-0.645979546728,0.469334609928,1.36574200779,0.632612544462
0.0573667651099,-0.310460867746,1.23696719902,0.299624196074
1.14650476165,-0.914174688113,1.36092849793,0.816684904331
0.623680112082,-0.716803620461,1.74760493481,0.842054663177
-0.258043526366,0.271089007443,1.68597726408,0.941907983007
-0.556724231221,-0.877690746024,1.77107259594,-0.619696828378
-0.275203773292,0.374899903468,1.93754447302,0.975047929
-0.640529728957,-0.488457251263,1.33242873108,-0.721846135631
0.746923212292,-0.837691519764,1.35089766593,0.630595235967
1.17453736185,0.784847891511,1.28682440342,-0.712050747003
0.153232290917,0.333244582964,1.00376851641,-0.21305496389
-0.770186784635,-0.953603460074,1.30973222539,-0.445600552821
-1.14857461627,-0.783406826703,1.23529178484,-0.732582381098
-0.106439153638,-0.348357186088,1.92049034605,-0.50795772185
0.204006728511,0.706672349958,1.58391961469,-0.160590800251
-0.774913929886,0.430585378779,1.03492952437,0.691640211344
-0.207880865629,-0.875391095964,1.36899463127,-0.133450961286
0.441001069682,0.75238517021,1.33252026432,-0.453317385309
0.0014990873446,-0.684037857611,1.29626993932,-0.0408364906597
-0.0481656862854,0.0590392750233,1.36038670222,0.589641915355
-0.732022623525,0.79084092037,1.34368531502,0.467314503704
0.174988117966,0.0819619633272,1.07310581676,-0.338147274152
0.00543978655554,-0.661493778735,1.21280987538,-0.00233534186355
0.368333295485,0.258921460772,1.0638253842,-0.639719726338
-1.62838154893,0.645586912319,1.0528198149,0.87194436472
-0.557439103789,0.925083430572,1.79088948298,0.669492882184
0.0298907870598,-0.0620448658112,1.36503397298,0.701095092499
0.265322292557,-0.822774722165,1.3352616022,0.330128343095
0.43976333529,0.617462536235,1.82677316491,-0.940602038084
-0.281317659581,-0.933278170662,1.52390760258,-0.263950997661
0.276623175118,-0.497880475582,1.68889556145,0.50004649799
-0.230499663303,-0.290257678081,1.76478531497,-0.599449163388
-0.0331511336623,0.572219683674,1.41836868077,-0.122297623003
-1.05183661044,-0.464156864641,1.01819927699,-0.823748931498
-0.145751911325,0.0848161698058,1.36910160753,0.760481030044
-0.351822535375,-0.48834900626,1.67126396438,-0.732763123892
-0.510223080754,-0.616980310098,1.68811664979,-0.631417769542
-0.893380872266,0.686973084669,1.46117347696,0.731060802055
-0.0516874517713,-0.913135993123,1.57306658711,-0.0479573205312
0.838565531334,0.590449493926,1.50806853172,-0.933688857219
-0.0618083126659,-0.31565883755,1.58414709578,0.136515198065
-0.296491514551,0.943665888536,1.90082913365,0.42934223629
0.828580972083,0.658852848009,1.54114418426,-0.900872396275
-0.250169379097,0.773482715346,1.35882298779,0.136155736849
-0.221759396442,-0.196841991814,1.22832797524,-0.634305937077
0.0809207454481,0.282850340894,1.88400335174,0.476958964159
-0.0262630539828,-0.149597120755,1.41184447719,0.013245260412
0.24885438869,-0.548362701519,1.02826797582,0.281366706089
0.690388932525,0.61946874086,1.16727206922,-0.592123427575
-0.104415250047,-0.0705300692465,1.77532819695,-0.0241200879314
-0.484834388077,0.268482672249,1.37395764678,0.82230823346
0.0909354949113,0.388986046892,1.3378297829,-0.313362249513
-0.422824276502,-0.393920801227,1.15528487418,-0.621537482872
0.0434212630136,-0.17691287437,1.78420884496,0.627870211384
0.887696146428,-0.499426428237,1.06428945514,0.630145371237
-0.544351615802,0.425554463564,1.20703541191,0.470274904884
-0.338032872475,-0.462650320913,1.33576807632,-0.554394865364
0.0672363750352,0.592961035966,1.96374625994,0.062596027866
-1.2378268431,-0.496479186801,1.0520915948,-0.921960213879
-0.403572907289,-0.318765080011,1.5712629658,-0.883242326206
-0.0155354247319,0.750677407405,1.75736342575,0.175183402307
0.0223596839336,-0.142164011015,1.25685262203,-0.0848649643422
0.231039346111,-0.669298013755,1.13958671991,0.145817753009
-0.195091064646,0.427830574736,1.88762671187,0.139311477636
-0.0673565905737,-0.745714553773,1.77117050086,-0.00997389004942
-0.280408988817,0.371606219919,1.48136854373,0.706934297733
0.0765921441952,-0.00623480915346,1.46331071079,-0.417423816973
-0.0246021362738,0.0851443100978,1.28357717556,-0.217543419805
0.500099263106,0.345337157962,1.3408327789,-0.557110550503
-0.53396873384,-0.552718227106,1.14604708624,-0.442283776815
-0.0791688989813,0.529666546882,1.54821435906,0.0413667564787
0.510824901295,-0.899531318777,1.20882858502,0.359577475325
-0.125969600548,-0.0947118574908,1.86441887566,0.167577054522
-0.180322104161,0.119611824554,1.1658722665,0.664558515906
0.173736745052,0.343516843443,1.55269392613,-0.379811045938
-0.13009866889,0.0283343233191,1.84204170297,0.678180717392
-0.0912388688727,0.433439501003,1.31786155955,0.203262527049
-0.461826107978,0.464570468596,1.22627923452,0.53419385594
0.093460492315,-0.640744283395,1.56481969027,0.024613426915
-0.276600289157,0.211876589301,1.47322084126,0.634714749642
0.112401605506,0.609139132101,1.93805751245,-0.203105970492
-1.61922930014,0.97750112561,1.39750470232,0.994137542617
-1.01180021612,-0.54744611147,1.11798477131,-0.889841818108
0.485958447663,0.760600987654,1.08946795354,-0.234616509338
0.183724842035,-0.809303135773,1.96261931196,0.368745200026
0.834150936072,0.777804689213,1.62605872535,-0.694275312237
-1.54494536918,0.814471994476,1.21712569495,0.882789292229
0.137087152563,-0.827291918468,1.88135609631,0.112372425382
1.71527001993,0.862030078717,1.07411484392,-0.726063516269
0.0423726209677,-0.366709551719,1.94887579778,0.173452931064
-0.0114854177199,-0.100477870589,1.16209739453,-0.390893038392
-0.350593793861,0.940303463986,1.89091005682,0.457183047634
0.227108042278,-0.950426788328,1.68801812667,0.376125331768
-0.11524644051,0.725995301131,1.3742588272,0.0457521057127
-0.966876734514,0.94305906606,1.59268594317,0.750967840693
1.06933158145,0.728544824877,1.37275733424,-0.876953303735
0.361943861723,0.684350337495,1.34334621437,-0.267009008028
-0.0449210469027,0.0161028252855,1.55903561028,-0.5668074722
-1.08411935023,0.659203704362,1.29673052056,0.924557461842
-0.172627127149,0.13912773781,1.45574313706,0.492875072566
-0.0551547852573,0.14702664243,1.44783649943,0.892145710918
-0.633927655072,0.632888287074,1.93333742124,0.876718587594
0.101249963807,0.0381468821868,1.73748617298,-0.73608395695
-0.180508171273,0.202287874179,1.61316126883,0.518301107336
0.261622686603,0.598336175664,1.77371933169,-0.47289011171
-0.109381743173,0.6800916878,1.02098723598,-0.00245351133274
-0.419464997759,-0.94050398012,1.60939490599,-0.503202848837
-0.711910556848,-0.777158814606,1.60692496512,-0.819223897957
0.0313774406942,-0.0958085627757,1.87636035168,-0.217747895666
-0.0407742543803,0.18017883672,1.26501114027,-0.335065737133
0.0809613148539,-0.813071788015,1.17427715172,0.11388657544
-0.483574811004,0.427806139328,1.35065434558,0.651615169958
-1.62046554998,0.974394964135,1.1007000934,0.588911749112
-0.529132466332,0.82658480623,1.35416381733,0.362449972712
0.349417807412,-0.264637086522,1.2771449115,0.591874578592
0.0983440548084,-0.415955607036,1.89220376848,0.174146075286
-0.0340485703106,0.401043187149,1.98206090384,0.264458987544
-1.34491227175,0.973232632597,1.41574993804,0.797860500223
-0.0328898487531,0.0932980468127,1.87633735791,0.1967510438
0.453930327533,-0.334062297209,1.1013522857,0.396346003193
0.0963166777134,-0.445056008431,1.89264808333,0.380549080112
-1.09568206101,0.858885461429,1.08275378654,0.431319403036
1.49859759324,0.768939131221,1.20118926221,-0.854528170393
0.309076433987,0.2066852318,1.00913833645,-0.446709280696
-0.213201910752,-0.0936573746421,1.30146962804,-0.85033385505
0.119813239778,0.178730167105,1.90970715236,-0.740027185302
0.490778480799,-0.227327950719,1.11687007401,0.794485304909
-0.815935938809,-0.57619827561,1.02073507756,-0.510189670598
-0.175014578195,0.814728592815,1.93211387515,0.0529222833436
0.515933861966,0.899081467931,1.5611076169,-0.485320144956
0.0866761564744,0.0197431626585,1.59184508027,0.370262479802
1.04301764457,0.951672821661,1.69516301332,-0.911925967136
0.00989150332109,0.3725512409,1.52777837427,-0.162447465635
-0.307537483103,-0.842115109252,1.87553603341,-0.455055322231
-0.110673461108,-0.383735954472,1.40317664629,-0.096279889802
1.37570087359,0.653570554736,1.17880173094,-0.962464306788
0.470286348668,0.523489711743,1.62860491296,-0.695123517031
-0.0163107604595,0.00271901896399,1.22495960631,-0.290634281978
-1.21220303313,0.992099161331,1.2140878207,0.511151737911
0.952829032375,0.896608115129,1.51963366237,-0.652012061175
-0.169109091642,-0.365567461099,1.49654631525,-0.293419530223
-0.162756748499,0.221776080702,1.258110308,0.436866045099
-0.820401628316,0.68517759492,1.4636310358,0.696382897195
-0.579448002911,0.695509122863,1.6763606627,0.608082371828
-1.51362930415,-0.714314199697,1.06365820568,-0.837316913792
0.64463690295,-0.93011938817,1.77241514349,0.950640674974
0.899239926059,0.928875703398,1.00509388298,-0.284894570611
-0.385309371894,0.622184696293,1.80225771988,0.525795819877
0.115971438762,-0.437137886747,1.51866396726,0.24109125917
2.13707993447,0.974135723219,1.12041914497,-0.82461979522
-0.0346118442956,-0.556175101869,1.46426173211,-0.220672369472
0.598729091902,-0.690949073115,1.2305850565,0.391378719667
-1.97912376623,-0.853419870646,1.05763408767,-0.914900990009
-0.224954495634,-0.91273819874,1.46752128814,-0.241698334324
0.738954487743,-0.893909128631,1.60598583486,0.738834518211
0.516025268107,0.656399752766,1.6543342748,-0.64468636912
-0.0519848931726,0.116851410641,1.58439693025,0.0852849187935
-0.262972359986,0.467488737596,1.73098736359,0.746091926669
-2.05856993182,0.860042824101,1.00286570355,0.756812981154
-0.0682281556147,0.115365345893,1.80859322194,0.125246339976
-0.0472157298738,-0.157095488685,1.74267991709,-0.599731292993
0.10304131286,0.435351365929,1.8285980339,-0.051722851042
-0.0278742427862,-0.466364419097,1.56473875488,0.132615273575
0.361935867135,0.365392124883,1.58232312327,-0.667173780641
0.324385194323,-0.157191434218,1.46042585737,0.925880051979
0.411638453207,-0.909338436694,1.32883189824,0.327270400614
-0.0375984880076,0.510621986042,1.90255771299,0.117212434414
-0.12763209,0.0394102028454,1.43187022823,0.85683344207
-0.28071463389,0.566643579291,1.80137878141,0.466467694563
-0.185752164876,0.224965247631,1.00912269646,0.240831500953
0.142650496282,0.553089995818,1.69784501811,-0.275405475785
0.149393509893,-0.800076409437,1.89414573558,0.296115969042
-0.598927454777,0.524292281544,1.05054741296,0.394146848917
-0.105246650554,-0.574312934316,1.63643551718,-0.306810345354
0.336564497103,-0.979964794707,1.80381704008,0.717638999791
-0.0141762079638,0.146095208637,1.61353878903,0.698812172146
-0.884061768129,0.673763519665,1.23945354825,0.647403390665
0.434943027288,0.243660607245,1.06447697377,-0.961995574186
0.145059576261,-0.385154296488,1.83031608347,0.141032686246
-0.418782908189,-0.468735576738,1.67990689333,-0.651516105507
-0.0853069436616,0.458408454569,1.76450290719,0.376526742613
0.0538635234442,-0.17677899427,1.55410995466,0.361157881034
0.707346253413,0.612171902228,1.26577945097,-0.606477484935
-0.0658033377422,-0.0332518107781,1.24832055086,-0.0606071407904
0.298478237399,-0.353663086887,1.37088022133,0.420427739308
0.0778526385733,0.666249965908,1.98387465564,-0.290933907004
-0.0175050683257,-0.0771937177162,1.64065929052,-0.333909161681
0.632515606263,0.456045791191,1.35167603943,-0.684392721605
-0.629661813363,0.676588195208,1.08456645434,0.335714635701
-0.5356555247,0.490606954466,1.42719703784,0.7537268169
-0.224484848561,-0.448494542162,1.24714061026,-0.282416680099
-0.111073778708,-0.013201468378,1.30071776151,-0.152033744097
0.778198639614,0.961870777584,1.50919259731,-0.536289421216
0.320110463158,-0.72257003421,1.84158791034,0.789922851751
-0.0987335792083,0.203252810383,1.83325722207,0.526997205852
0.00656912875634,0.175462706454,1.73117969051,-0.224853700591
0.172188515872,-0.788607815139,1.58851137309,0.301158726463
0.953169415939,0.462547003578,1.15882323385,-0.847997110825
-0.270295297875,-0.634839120262,1.11764204983,-0.172103403916
0.520754651197,0.249164449305,1.07319434501,-0.773214524852
0.344511463326,-0.147299016095,1.29319018458,0.887425191079
0.552353134599,-0.397376579987,1.63740524441,0.986430510771
-0.0908818700096,0.479344195128,1.2739877475,0.108566380113
-0.140222764117,-0.0661402615659,1.15124124282,-0.557395343271
0.126313859192,-0.187503522347,1.31942330253,0.498949036373
0.56953184991,0.486103207365,1.58756506143,-0.843265183851
0.595948869074,0.926039096977,1.48942559746,-0.541079122068
-0.294482164819,-0.363812936923,1.4777876595,-0.323005941974
0.0445617592756,0.197271738539,1.79724933482,0.119545848633
-0.437343643184,0.306275760019,1.5268364897,0.891121698163
-0.387736763148,-0.353900633806,1.60452576162,-0.606584823857
0.182080715204,-0.200830237099,1.70779514758,0.709280586722
0.35642528601,-0.649294904604,1.63697971272,0.258725384215
-0.0575194990209,0.495789729144,1.67226247109,0.0542491742755
-0.0511310170928,-0.714101687533,1.27241549641,-0.0816193969258
-0.492014841633,-0.657638401557,1.69586568234,-0.678278775312
-0.252692377081,-0.373544420917,1.88439726403,-0.489876197335
-0.493614502159,-0.612386408212,1.30480074762,-0.621790942963
0.472509561362,0.682483518705,1.47541550229,-0.423649907433
0.106925082794,0.211397848163,1.80453994149,-0.403165179608
-0.81230602721,-0.949244038659,1.24634080008,-0.450970417815
0.634790882168,-0.67886945825,1.28396547386,0.598457243941
-0.894062531156,-0.644777135767,1.39065011498,-0.791203517304
0.424711152637,0.362671401519,1.47298518626,-0.973105315526
0.590390772003,-0.571211227166,1.13133054012,0.353597662462
0.186398958429,-0.0314916211755,1.39880713492,-0.88007779125
-0.734387866434,0.76555577191,1.08480766869,0.331808840984
0.777214452413,0.599775925793,1.54064807698,-0.726679965871
-0.0997672073235,-0.0359679149812,1.22642436473,-0.0684122110581
0.403574492441,-0.148629010441,1.08927506737,0.72596330276
0.335912828049,0.24886365162,1.32056579295,-0.664043651207
-0.000346836759409,-0.0512187433873,1.93084954347,-0.591782649089
-0.588157424815,-0.180309547576,1.00314002351,-0.928228467966
-0.0522964442728,0.69457436407,1.84139382399,-0.0562931610628
-0.0709488750613,-0.210342682521,1.77975334498,-0.345918629939
0.539445214261,0.514687216424,1.35273374023,-0.616330725291
0.319147581894,0.418915401569,1.72624535035,-0.409746147279
-0.150573710442,-0.383559350172,1.9665677093,-0.534477724331
-0.0146151606971,0.579860714025,1.56278068647,0.040558787242
-0.488549765804,-0.750644188302,1.75026218534,-0.672807537369
0.0224110177273,0.734088060857,1.60711792116,-0.102486214818
-0.229713820595,-0.61010749535,1.95456944097,-0.316783006168
-0.239851383874,0.177966326228,1.09097583316,0.428864412777
-0.0492244115,-0.166415889104,1.91746923148,-0.376037498211
-0.611483733939,0.807906949204,1.36966212621,0.458261966719
-0.152789571644,0.176184799629,1.58156690084,0.881123578674
-0.550668062986,-0.636100120588,1.72716641236,-0.5877928999
-0.0436672877624,-0.122613358726,1.77514405753,0.20428791927
0.0400677468213,0.475562203155,1.61231911157,-0.256205491603
0.0421449816645,-0.827325368174,1.99863254368,0.146429924348
-0.512913316735,0.758358131283,1.71145765066,0.605100398247
0.420425188898,0.545189835802,1.08456355458,-0.2775676454
0.0785714011124,-0.224601926189,1.47212480329,0.422441142945
0.232641070792,-0.224904266168,1.94647014189,0.514165296196
0.553476572728,0.914754971994,1.32824535301,-0.394371236209
0.0011125678617,0.697642331914,1.29248712518,0.0626776883014
-0.204154528427,0.554165291226,1.987549473,0.612436261417
-0.548827230468,-0.563281489378,1.17773659997,-0.399913256956
0.45195726655,0.932123998492,1.91724817452,-0.708010989664
1.24032837465,0.901453802716,1.45325736631,-0.909702267965
-0.312412785252,-0.73930650909,1.80705368458,-0.514488555727
0.0945572639311,-0.367731616556,1.32902726168,0.240379864635
-0.0544430898474,0.0915573969842,1.4271742449,-0.573648556046
-0.577908807684,-0.454782436316,1.63500323334,-0.946442994826
-0.00998206366061,0.0579957955209,1.23457246279,0.456100014818
0.85886302478,-0.636625946082,1.35859937302,0.842179806374
0.176251485849,0.880463938345,1.79926124279,-0.143523379279
0.203818402594,0.22851362948,1.53007109499,-0.65524383229
-0.248422165777,-0.529946285679,1.72295588817,-0.555582206728
0.100633804609,0.274240833644,1.50936809765,-0.449963452942
-0.317639700664,-0.259108587615,1.3502897487,-0.845552872396
-0.20082221381,-0.936643614213,1.38700148754,-0.0916238428164
0.135911923446,-0.214552554072,1.01600583817,0.0503401095708
-0.0217107857983,0.102421829125,1.5219653692,0.317490906637
-0.264688486781,-0.784175838386,1.88251570862,-0.647296460645
-0.375650298929,-0.755695256859,1.88352215069,-0.584868204496
-0.685044897851,-0.383394885231,1.27217429975,-0.869851101031
0.190585789454,0.156790189684,1.71568843977,-0.422857178827
1.96756123892,0.722260258024,1.02915602125,-0.996897101706
-0.106294941281,-0.510779558113,1.75166840813,-0.282343352401
0.0723944500105,-0.111876288678,1.72888333912,0.487858173895
0.535082724792,0.560153441545,1.48029941631,-0.659062019104
-0.224242633331,-0.336145992325,1.88349537377,-0.86126526341
0.0571008488956,0.0306147745243,1.20071422049,0.0652556787602
-0.00995788660592,0.319275004443,1.53321389853,0.175233532042
-0.003229789934,-0.0964523584207,1.94774326751,-0.799278962957
0.526902017618,0.359470770685,1.06572124259,-0.451690668646
0.597616117988,0.830035648505,1.51357923377,-0.504609789091
0.783069354655,-0.648589626811,1.44629918573,0.792792173839
-0.644971674349,0.64342076841,1.82736355035,0.946234795125
0.253999413179,-0.748136183664,1.62347224277,0.293609066422
0.577727132186,0.946091652767,1.07872261925,-0.217368701449
-0.296566706474,0.330308384711,1.61429219576,0.701755758957
0.0541567978124,0.0917447834219,1.11583433858,0.133160352996
0.467522415455,-0.972780024276,1.99552348917,0.784175052507
0.23863659792,0.67963906683,1.73007905291,-0.370994671917
0.150133133966,-0.000423401197159,1.15371485923,0.55012000417
-0.0768001310914,-0.0902071307639,1.69115131501,-0.966236398003
0.301998599216,0.627854242216,1.98429719582,-0.236030373156
0.0733689277481,-0.266579972036,1.43871278603,-0.0420281437304
0.131605991614,-0.370794119204,1.83793047359,0.721235702532
-0.0474933086659,-0.0347150797019,1.50493057426,-0.70592999175
0.455524335056,0.454140559785,1.57202663769,-0.739366269024
-0.179403302185,-0.187322657185,1.66162815924,-0.809516728422
0.46249737111,0.748653697612,1.8753700845,-0.62293858368
-1.91272484593,0.909842695252,1.03508114223,0.65175502316
0.287974753886,0.730738094243,1.33302618982,-0.160626623401
-0.277843820557,-0.426880777648,1.797910714,-0.729723026264
-0.0852428331847,0.03012798082,1.52658587387,0.859713919991
-0.164437212138,-0.12339791964,1.33205256903,-0.397152432791
0.0414099351188,-0.768952626707,1.97197048194,0.396749463136
0.138408545916,0.306281603099,1.12919209134,-0.557236274336
-0.0804302316887,0.0693938307731,1.23607490251,0.386587108455
1.84340290528,0.721929876944,1.11291614042,-0.979248779037
0.460139830902,0.781797060667,1.96642810759,-0.56842389751
1.57328722672,0.579298368945,1.03065527423,-0.823651644368
0.459521168231,-0.248605012846,1.06283231426,0.603213447376
-1.01696061345,-0.678451918981,1.285718593,-0.95012761597
-0.793786251598,-0.618440147626,1.03268210642,-0.470948584138
0.438960964965,-0.68994463182,1.10479471908,0.291619535479
-0.39594236423,-0.383339454131,1.68359465111,-0.806360698528
-0.0718740104394,0.182091743141,1.57412013987,0.91113985991
-0.0817334394668,0.280231754768,1.98422173295,0.353131999956
0.442378809589,-0.931446045643,1.99717004667,0.677435037067
-0.41672842897,0.281476026418,1.18515542132,0.618757569787
0.138190612724,-0.227258331923,1.88094534798,0.299747847555
0.693342284985,-0.51536197601,1.00489150035,0.479334765204
0.81693940503,0.442873428649,1.12986271832,-0.825015261321
0.0285033644009,0.0645263196563,1.66383693404,0.36989132593
-0.0603747128824,0.23421843033,1.64962757914,0.367930774941
-0.160329670339,0.44854170167,1.76203070044,0.472800419846
1.65702031723,0.953229811082,1.16367708059,-0.696761380707
1.47262230131,-0.632904062917,1.04264730708,0.850575309854
0.525058763329,-0.586508955353,1.84702216201,0.810430330078
0.0155647283229,0.0032675850759,1.3209345002,0.672724804271
-0.37965647696,-0.63002602942,1.84793519683,-0.787478674774
0.102656059213,0.0601908359106,1.23161166428,0.0437270511435
0.213858527325,-0.152938034238,1.69520354362,0.79045447544
0.0391048638081,0.0943958024905,1.93746128075,0.216976079403
0.472033432781,0.581179987796,1.96273453475,-0.840030482448
0.154253630413,-0.289828754175,1.38477267862,0.175760150672
-1.28747682544,0.68095668857,1.03585863924,0.657867219291
0.627099647575,0.481729680585,1.03982648381,-0.454658333821
0.218335968509,0.488784860734,1.18833701638,-0.1470014697
0.481638830979,-0.930470659578,1.35049401941,0.205424915708
0.410554628741,-0.351853273215,1.70026260164,0.619467185014
0.482300582995,0.35317017584,1.03157300465,-0.488446950701
-0.55947068701,-0.974930730977,1.43701935107,-0.411384332668
0.00427986527225,-0.0255320895831,1.2702902696,-0.707975528753
0.0219367841383,0.612592739562,1.48035366533,0.12026955432
1.87474075439,-0.943753957979,1.0649134541,0.810107483449
-0.265091484859,0.760373612377,1.81409147404,0.456026582513
-0.392645238333,-0.813375568017,1.13388611208,-0.149002726894
-0.22411027975,0.656150768092,1.82941500522,0.51062281689
1.98892867677,0.865297442018,1.19297162636,-0.936671006042
0.246856980155,0.376209410375,1.6461069336,-0.838509880558
0.0271836845167,0.694955376341,1.2289403063,-0.0710479455984
0.366399818808,0.36476082327,1.79124977418,-0.81828556603
0.0812994910578,-0.226660801014,1.89153232677,0.444803424541
-0.199856805169,0.0802084528323,1.17873888073,0.899605932161
-0.553468252848,-0.825223079334,1.33019810543,-0.399460049852
-0.160844676566,-0.218737674916,1.84175244537,-0.472053378074
-0.359136924119,0.98760322749,1.06938196399,0.204617859879
-0.0516377640915,-0.0692867204458,1.57625782619,-0.165499316189
-0.0435659270975,-0.0633870232386,1.00288714272,-0.769851606125
0.58532720551,0.852726439969,1.75606567357,-0.623645343586
0.0775593240809,0.114204616955,1.65948429387,-0.575916223087
-0.1680596105,-0.295108852511,1.01926944205,-0.297112368362
-0.197888862632,-0.24674490421,1.08572416031,-0.506733088642
0.212211702989,0.00641514895974,1.03284841892,-0.5705276426
0.144643424981,-0.223565153161,1.94626568906,0.894788517359
-0.0101222581968,0.212926897299,1.70112705404,0.305536865947
-0.161500331865,0.36399713015,1.85519467094,0.805567691297
0.00291350744723,0.0721917169314,1.32083877738,-0.0655293502696
0.839759863125,0.972874264996,1.75170664536,-0.741214546021
-0.871436069821,-0.803613426962,1.30295403816,-0.662363968143
0.243861281257,0.725367896568,1.23196809828,-0.114720471678
0.767268829707,0.516627798232,1.10533721687,-0.578519205891
0.498473982635,-0.73787688335,1.54153736297,0.623488265949
0.40927217022,0.640846805445,1.41782481113,-0.503318346212
-0.623492310099,-0.359539083195,1.08332828822,-0.701798550977
-0.292337888717,0.360396396485,1.15859254,0.446598892698
1.08492681428,0.462780703058,1.13201347635,-0.80202793747
-0.0436823049263,-0.0455500523995,1.60169981094,0.43795024499
0.172473146876,0.307479712091,1.65414509663,-0.779193112191
-0.0251967102357,0.1139184246,1.61630904152,0.0258426843371
0.124128821274,-0.0216439205819,1.63788927981,-0.862461463755
0.0430984158405,-0.246714069461,1.61117255275,-0.175871824017
1.03334478612,0.645333953542,1.31705956843,-0.903386645383
0.537948651352,-0.329258854388,1.06528437855,0.618478553519
0.271456505054,0.729380098211,1.80076800468,-0.404446567452
1.00523066354,0.582589682445,1.19336012265,-0.746653866599
-0.51732054697,-0.523053951593,1.91863852668,-0.933484598649
-0.632038136743,-0.559584731758,1.71204720244,-0.979023228189
1.48153561491,0.796470279515,1.11628996048,-0.667698414437
0.460264145822,-0.428028484614,1.19210193334,0.544473710756
-0.205003848514,0.814937028041,1.06790222379,0.0987024540518
-0.587334720276,-0.620045373907,1.4569095941,-0.770180151722
-0.663949471094,-0.541772277749,1.41093354157,-0.702828769273
0.0256655173884,-0.207449806515,1.77259261545,0.432573464917
-0.146733384504,-0.106755611609,1.15689325634,-0.391140863955
-0.0251630690393,0.694928133908,1.47496175388,0.162756121059
-0.0267984100415,0.36603471353,1.90652753467,-0.0264321166104
-0.606265625884,-0.614835524136,1.68480914811,-0.925417879224
-0.263872446567,-0.837550782807,1.86096696784,-0.194662005164
0.495586046536,-0.591967456824,1.44005984741,0.770017248991
0.0335704149347,0.0784627838082,1.83994355862,-0.70442312343
0.0799495778767,0.145118683745,1.55765794724,-0.543862249978
-0.185250499764,-0.666868232445,1.28108701076,-0.208666475627
-0.0684398025552,-0.299487141645,1.50645719147,0.0552554671678
-0.0576278464251,0.194182633531,1.23118396393,0.796569919195
1.28548416016,-0.728970913032,1.17790041972,0.847180452761
-0.0699264933253,0.212361058177,1.75296982782,0.446962496478
1.15842031713,0.855657915017,1.45229425186,-0.921522585542
0.347844054888,0.838259753421,1.32922521126,-0.239348596293
-0.00994382531718,0.189357611931,1.87325601391,0.46484558009
-0.0855300879455,0.186581362631,1.83278454452,0.592051340647
0.0427034453224,0.0181450564599,1.53995836491,-0.852577448368
1.30164585763,0.85406398447,1.42680403072,-0.883410739615
0.00880919885753,0.86678992209,1.0342326173,0.0244310537429
-0.0467063483908,-0.296654741181,1.77366531456,-0.346300100861
-0.631624888664,0.561474461885,1.71378708681,0.876632132411
0.947043523075,0.441125575776,1.06806975861,-0.760901665409
0.203338363743,-0.230376881196,1.66470556189,0.797234434732
-0.0937171878906,0.339535726462,1.39277974909,0.139974954166
-0.238359915735,0.644816202439,1.82325323168,0.278999846326
-0.286330561027,0.245900762859,1.5548362592,0.678541065802
0.273831223454,0.347275788302,1.61746710692,-0.767864466077
0.196432806176,-0.534146590731,1.50172625415,0.334786782951
-0.0769678430516,0.215932697319,1.77028790155,0.791355362107
-0.182674422897,-0.974922834919,1.26221631545,-0.163009104901
-0.0131958412986,0.00455259508882,1.24981256217,0.904272528369
0.314794420157,0.552292527271,1.41515827403,-0.357428743803
-0.0123261573719,0.442995791339,1.69691451763,-0.01200339356
-0.0311616632834,-0.283699382825,1.75440471903,-0.258760529232
-0.55438032017,-0.937592949932,1.87166628564,-0.797865788089
0.127614854085,0.0805083299997,1.40034299526,-0.163062869377
-0.174034379562,-0.639608883619,1.97705656252,-0.562710432164
-0.105632188585,0.0209274952899,1.58626565614,0.352708218406
0.370153929542,-0.783934399621,1.93381249604,0.529142198732
0.0781862969862,0.207151315874,1.12861131926,-0.143350713917
0.0812643997081,-0.146728030619,1.11867851988,-0.0280943531637
0.623881879316,0.809839522331,1.57767335442,-0.522535625561
-0.284104953502,-0.732003831595,1.22523371849,-0.24169369793
-0.440777347058,0.607291350021,1.66519055168,0.623179471348
0.0886645217831,0.524765427748,1.85386453839,-0.38905200093
0.391333776135,-0.21789525994,1.26425740673,0.897991096026
-0.0125304302881,0.393089498317,1.62183859708,0.162338993491
1.41810854371,-0.918658558629,1.18341148019,0.774319428111
-0.0170756059691,0.470938689447,1.74031823898,0.123474402518
-1.42583301259,0.74211169157,1.24165618793,0.846609303859
0.0160634283535,-0.0878315555327,1.58801424735,0.522151447325
0.762974710523,0.624389528263,1.48533036257,-0.795899402704
-0.20739335894,-0.466473920529,1.62797685695,-0.591261019101
0.263653543207,0.241007763172,1.53309084881,-0.83914443434
-0.389699935603,0.613269120801,1.51773791384,0.524862326715
0.445148012351,0.903947791697,1.66295567709,-0.399305440391
0.0287169309634,-0.557418619274,1.21321653832,0.00769405236015
-0.0874621116199,0.937561483194,1.39456250049,0.131743688992
0.0404086155908,0.00381597048439,1.40266877053,0.0088713749192
-0.446126282937,0.759873053832,1.58323629984,0.311193434174
-0.806693429037,0.865146498315,1.8636399137,0.915917796876
-0.00437962870138,0.798874275152,1.78024865091,-0.00514459762619
1.54975532361,-0.691271836872,1.0860697,0.937987809529
0.670023649597,-0.931295032698,1.65765683805,0.724364311402
0.766361674783,-0.406448521174,1.10449242136,0.923391248263
0.411623884124,0.442798028442,1.49812213695,-0.611632500044
1.11632735025,-0.78372239927,1.31654875786,0.983313334496
0.778486420423,0.614674224678,1.55837236012,-0.933903096201
0.0172533756647,0.0412256312327,1.83458052589,0.346936920098
0.559395707188,0.867165681867,1.54813011279,-0.536590760413
0.422163297908,0.591280454427,1.24626591902,-0.458026804291
-0.294982549031,0.344912468056,1.09646541466,0.399123522311
-0.0738064640563,-0.549504708646,1.86023616356,-0.304698739727
1.30901908416,-0.868156922639,1.32837610066,0.869394077321
1.16823558599,0.638810826361,1.11177633817,-0.548945040629
-0.365324847892,-0.496854606745,1.99012470778,-0.682569460894
0.0884634627467,0.708675006619,1.9486521348,-0.178971273854
0.129236108923,0.825023489586,1.72054794325,-0.321018690589
0.557273799795,0.367768948474,1.09293446292,-0.582090444801
-0.154045451901,0.907048742407,1.57890748485,0.149233638402
-0.100453094775,-0.287196877794,1.4839733252,-0.375801179313
-1.10048352965,-0.832236840274,1.38782738883,-0.819638840083
-0.211941958635,-0.17413578253,1.50307465569,-0.993602530656
0.0400510764007,-0.229613254138,1.00363731135,0.0822284894078
-0.716514932052,0.880588637579,1.17541937069,0.338658826263
0.170533930302,-0.133752017901,1.04301864849,0.218522303253
1.43692444866,0.764375112552,1.2831969199,-0.887030645035
-1.56164521248,0.713325034592,1.03617462497,0.668895860149
0.71889246188,-0.541802343659,1.15435772693,0.533188570171
0.195555671193,-0.275917088287,1.3275926872,0.201892783534
-0.102857490338,-0.586880434105,1.40874764966,-0.15914039031
-0.163730272213,0.457279594248,1.54301159076,0.159591847975
0.00741134365981,0.0900111747827,1.23733408001,-0.374463316825
0.744033152269,0.948568571051,1.8658790794,-0.825571222011
0.0268635981411,-0.0298886403344,1.91086111102,-0.197083285169
0.302675027717,0.392269063433,1.97412130528,-0.855539788669
-0.438643594211,0.781815986049,1.63056067371,0.496125440197
1.12398899257,0.847498328646,1.55957188107,-0.909982831039
0.00856024203771,-0.957448884607,1.60367706379,0.0629675918776
0.30373143318,0.327135277476,1.51968305188,-0.287240317277
0.142075656562,-0.0943134911286,1.26169534539,0.337655203635
0.249024231424,0.171167785915,1.55604264649,-0.952135186006
-0.143060847328,-0.562090246191,1.69633362869,-0.266798328077
-0.370554786105,-0.707994365638,1.60584821365,-0.45473479509
-0.0753867746932,-0.0482338947355,1.84421431338,-0.978721455621
-0.0769080528536,-0.320443701674,1.84707697988,-0.215852380175
-0.118412627667,-0.489700612153,1.73616198055,-0.299457960185
-0.672229878371,-0.626566526842,1.52486231151,-0.927460837287
-0.762868234247,0.337859314647,1.07499602558,0.899844303576
0.156389283736,0.202726858393,1.5273900753,-0.583592726195
-0.74901337705,-0.881204265636,1.21250775028,-0.412929901053
0.157544176558,0.336654903471,1.60593972673,-0.289444761997
1.46807723195,0.995208511593,1.02727771744,-0.420333246797
-0.443543330828,-0.28571660808,1.22892401039,-0.853762321264
-0.38041620868,-0.334096393526,1.79731652827,-0.881695414915
-0.168871644789,0.683793043452,1.64650358499,0.200223618283
-0.473382056448,-0.969843237431,1.97036851151,-0.838787134239
-0.105580338932,0.0406334922482,1.30088714173,-0.334962542045
0.0963444175457,-0.0365038149016,1.45864079099,0.793253744032
-0.482631673091,-0.510108243871,1.60867654869,-0.754028962655
0.362463601638,-0.156472039667,1.14123744871,0.66124111054
-0.822152828085,0.882378311976,1.2642611077,0.488694043125
0.843952767103,-0.552814142582,1.22977563233,0.951740906744
0.123551545785,-0.152582236548,1.549464934,0.461849963356
0.0821447910941,-0.0723910067949,1.11380605923,-0.437825705871
0.317630812634,0.675939239132,1.97738396173,-0.565543093545
-0.805510081607,0.881992786788,1.76522778736,0.867295573267
0.176725126705,-0.293529527063,1.24560362342,0.46577025434
0.580401634966,0.737006473211,1.235123552,-0.340885359504
-0.165409691856,-0.0620133802449,1.68809997717,-0.583961709298
-2.27327365132,0.871476978019,1.05603878357,0.888100761361
0.38548762657,0.846954170494,1.42593090774,-0.265676327848
-0.0813759321229,0.119638461386,1.18194089764,0.0383356669381
0.443973347298,0.751428064137,1.12513226766,-0.246043542131
0.485102050684,-0.368670038028,1.13110312166,0.635163824978
-0.113733435232,0.0220018950624,1.64413543094,0.537441919323
-0.409686521312,0.656912788455,1.57912587285,0.519367444538
0.342772792655,0.995237808123,1.55576704145,-0.256626076337
-0.317160818252,0.90414284301,1.64467268389,0.350253809114
0.21807934592,0.738939789713,1.68473569908,-0.384600025411
0.323493919861,0.581374989319,1.37481813846,-0.362489707608
0.50922783308,0.306234041183,1.22132747504,-0.669045353639
0.294101354062,0.81000354942,1.85722469609,-0.406888276282
0.612111435155,-0.478885414997,1.41892445888,0.735780743902
0.997763611333,0.85469618791,1.23820327108,-0.589800535784
0.20820190467,-0.0783409476483,1.17326541188,0.685442237911
0.766729079082,-0.665481754218,1.54953376424,0.714941527043
0.13205993248,0.298707548007,1.68794967846,-0.142251557255
-0.0207992218888,0.263732509122,1.95674847779,0.413852099476
0.483720184333,0.2633151371,1.05420374936,-0.812794518615
0.482118109484,0.831170944362,1.94956243392,-0.715368167821
0.0485868551932,0.328648622285,1.62743187626,-0.119782734669
0.180749216193,-0.855439436502,1.81951716245,0.204542907838
0.449353291111,0.896667499706,1.36410506191,-0.287521852022
-0.1139903868,0.0190891892599,1.33202701297,0.194884922718
0.116379448059,0.189479900888,1.69057907114,-0.480171811592
-0.095439879901,-0.305079427722,1.83865563503,-0.316809039923
-0.0224650000833,0.033404335764,1.70370209702,-0.15717991706
-1.42131836408,0.591576031645,1.05123090299,0.89257491997
0.0645002312148,0.15209870252,1.30600460036,0.246361164856
-0.521407255847,-0.242409244063,1.02393730682,-0.749001955831
0.448162487804,-0.32383063212,1.51669808824,0.932758503022
0.0942929763961,0.0456007737486,1.56192892792,0.345853903435
0.313265269442,0.540111552292,1.79670805682,-0.275398789252
0.0729969301168,0.105440756032,1.98258758196,0.148700746184
0.432411256165,0.809575577002,1.57809079961,-0.438984377056
-0.417450146105,-0.824772211749,1.24012069964,-0.228743711128
-0.381782587998,-0.266117307202,1.3247375295,-0.574217249193
-0.0209647276367,-0.572456635424,1.7697874038,0.197250759569
0.0829736860219,0.287720428327,1.87927142261,-0.460527759464
-0.145053574034,0.513362195351,1.79255236125,0.385938596997
-0.36437003149,0.623423988185,1.08864687586,0.10607181422
0.259039922941,-0.789233958832,1.91482950859,0.442294703179
-0.482854931371,0.366714468402,1.87004862176,0.888484941941
-0.0128521835441,-0.501554335652,1.67203576807,0.15889458253
-0.221881735937,0.267814088884,1.89585617802,0.403379589103
-0.0610795286253,0.316436425227,1.37162048499,-0.330179161436
-0.325772411694,-0.514590719396,1.38463941174,-0.217150371871
0.111745117178,-0.558261899594,1.94823843363,-0.161873519604
-0.099407003889,0.250117817902,1.3191022981,0.144985204481
-0.209738151108,-0.0786172228268,1.24053800242,0.250245467353
0.460235931976,0.560935407322,1.90332283628,-0.997521601216
0.0217264170005,-0.0433145361193,1.40866061279,-0.127651745309
-0.187704705834,0.212760282913,1.24048402511,0.802895880263
0.112847409053,0.186257393348,1.87227794542,-0.533802651826
0.0368140178288,-0.109042178964,1.2075506802,0.00701173916735
-0.294102128857,0.49449755903,1.4624787277,0.391073328071
1.39376146621,0.849490393706,1.26885928208,-0.82703330666
-0.457025163499,-0.49291756484,1.70744672967,-0.949997418827
0.429559565412,0.901878557425,1.35216380671,-0.272655719123
1.4664426348,0.836686478835,1.38872092119,-0.967086902598
0.185318619618,0.766505541585,1.35945564273,-0.112607983149
-0.599613933295,-0.407113470397,1.36852243783,-0.955942155124
-0.0328519541125,-0.120655718926,1.75128450845,0.039658651649
-0.307881704901,0.261022551256,1.0788830213,0.422155884601
-0.0265730183067,-0.572808207929,1.81147958557,-0.0983625270691
0.996040075166,0.682818843393,1.02318452403,-0.49939989748
0.163773214292,0.201831827091,1.62827812928,-0.881287046177
0.920855328884,0.879460857208,1.03010155153,-0.321598441657
-0.307840871143,0.694864960641,1.74601484233,0.353276224668
-0.0344544307707,0.894025728472,1.9893759694,0.0474948055856
-0.0408622041685,0.145960109393,1.4659190523,0.392652056554
-0.0708350618722,0.303507270207,1.21079870519,0.0767146970646
0.224959970001,-0.34569598809,1.50885569076,0.475089534784
0.274114508215,-0.468945664476,1.80093927809,0.550050249422
0.820016668387,0.885379893745,1.36642131024,-0.531609354675
-0.0352825334432,-0.347598399844,1.58143162248,0.173882783353
-0.369875547979,-0.776670759146,1.41746320599,-0.26305629862
-1.09633329117,0.546486291543,1.23181324711,0.870407173653
0.393838503039,0.232491233042,1.15568260334,-0.575557689407
0.424464320121,-0.530829297426,1.17319297704,0.447608809747
0.0852848166953,0.278467146416,1.56883954726,-0.282652362685
-0.0611968732829,-0.0212552947994,1.38037750012,-0.679502209717
0.589429384551,0.703609421217,1.5650532587,-0.634686816734
0.498712123879,-0.660468303447,1.52323463967,0.617257040168
0.350759888557,0.686509965213,1.5956775675,-0.412816446684
-0.327810462225,-0.609159493921,1.89243278665,-0.650178087966
0.151489859238,0.486869711331,1.45880845556,-0.298499801477
-0.00114644398183,-0.0300796870964,1.99053162136,0.0102829724449
0.100434528583,-0.0166149779079,1.11029641352,-0.210563580274
-0.135910951733,-0.283033336621,1.66599932534,-0.580737878849
-0.0563000145559,-0.759909737927,1.48141396365,0.068961686822
-0.396563382777,0.578424193509,1.84695814123,0.861792133014
-0.7260173833,-0.931164283798,1.23889792844,-0.372821370582
-0.277753968754,0.648600189505,1.03957527864,0.146786330608
0.213753799251,0.255964756751,1.82306653316,-0.88798188662
-0.641647463204,0.814731154806,1.31554028737,0.436719031487
-0.399531910717,-0.269464440517,1.09850199135,-0.639957371968
0.212099472211,-0.557131077764,1.70511179487,0.454556928389
-0.432838298524,-0.715678999812,1.61513027297,-0.5819502534
0.321159680374,0.758804374929,1.86380065736,-0.542374966937
-0.0831660280301,0.0418267730527,1.50343525486,0.888679535835
0.750176899317,0.435489017663,1.0030862052,-0.591613323731
0.278978683454,0.268895433154,1.21574076346,-0.630827852058
0.634871869947,-0.736270453756,1.63260435152,0.774884951819
0.226325636764,-0.222257964822,1.19744414166,0.769393142071
-1.22678441453,0.730006968942,1.25878746414,0.763852892392
-0.251792998463,0.873760819162,1.11293782142,0.119358783703
0.394901482861,-0.449490701139,1.3234265666,0.422097334
-1.14303025392,-0.958212123024,1.46259095728,-0.920670828457
1.56703091896,0.897801537431,1.20832703316,-0.85703493407
1.17671548702,0.989707679634,1.19059986992,-0.504333575065
-0.227116421699,0.78850885157,1.84832552197,0.182242845684
-0.533271359239,-0.497374986425,1.41364185157,-0.72061184093
0.161575950514,-0.255356586932,1.36719456003,-0.207425313081
1.69389540856,0.903823989608,1.10033207091,-0.726939912617
-0.6061397017,-0.368802810861,1.1649801824,-0.620275973494
-0.298067508237,0.133034739314,1.04750984801,0.598743000537
0.0462277404555,0.469276302797,1.91704640567,-0.16956521485
0.189016987827,-0.447809235375,1.05168691278,0.111078466813
0.121188111953,0.136900166589,1.56849979711,0.0671086475819
-0.225703956421,-0.307957137893,1.88197169647,-0.411789024303
0.0887305075293,0.0341119223999,1.9902457758,0.867091227213
-0.13614850535,0.0941808960982,1.64755752632,0.486857995519
0.401563913993,-0.209416784948,1.55037297296,0.928071989923
-0.167965645411,-0.0247150949149,1.43984116031,0.827279366674
0.0193635755011,0.6887750503,1.26318570221,0.0219381258704
0.256794903125,-0.305470396851,1.45184501971,0.471815129962
-0.69428611827,0.489115530233,1.50336990233,0.873543113068
-0.610256317591,-0.958346326938,1.27641866217,-0.45509881081
0.797579091498,-0.738169739648,1.28551327358,0.623606289836
0.672348612449,0.891862472567,1.42945995004,-0.369142761453
0.024813672717,-0.00530857564557,1.39163494708,-0.307607956207
-0.229290465183,0.889689399642,1.67812472379,0.397226982105
0.294493758684,-0.619918359093,1.8480342788,0.585756088718
-0.226230779177,0.429025290672,1.17868238189,0.108062872812
-0.338060772162,0.64726573674,1.94508969286,0.64865822007
-0.763213562061,-0.745578305976,1.65588958357,-0.82682951998
-0.276287399115,0.25401689262,1.19431740885,0.300394903122
-0.596399122469,-0.464963240835,1.44253456846,-0.797797971415
0.704012390124,0.545415401235,1.38994212458,-0.779495430678
0.847806102082,0.797682641862,1.28747089629,-0.496050480274
0.835764778688,0.832787960417,1.90054302666,-0.981637787684
0.00275211974922,0.170979551236,1.88356841112,0.0341341966871
-0.0353271001768,0.0319093486818,1.40541144654,-0.769757571222
0.708143067739,0.720636045476,1.60330269219,-0.724221853437
-0.425859981961,-0.663808281025,1.78198758899,-0.47171836206
0.213000951242,0.531260573516,1.06688973395,-0.0890131492552
-0.145243209041,-0.169304774333,1.58275391262,-0.777079675037
0.11542120678,0.102300330412,1.90757270118,-0.681801699314
0.6761860827,-0.907824090406,1.51093233425,0.661773293643
0.268448831285,-0.655186643795,1.33187341525,0.326163294364
0.740345990764,-0.313720551009,1.12832612812,0.828945860997
-0.270881189963,-0.705341084985,1.66721946426,-0.383772326548
-0.458704841092,0.721772141556,1.58594919781,0.525856960488
-0.134343606712,0.0758306926698,1.55345827827,0.873877758042
0.520413518792,-0.991021192604,1.77072472553,0.562913905772
0.514950904787,0.296545522252,1.31886833799,-0.979728000087
0.04314910757,0.121139077953,1.72716935162,-0.137231179806
1.32560420771,0.984625417474,1.12406215193,-0.482758096711
-0.28796567025,0.35293859495,1.77717936053,0.841722563896
-0.9014851004,0.769930696931,1.51156594557,0.832364512023
0.208649543507,-0.885878416345,1.89415003953,0.185452738709
0.0959312024534,0.834246335647,1.74226798186,-0.121716114168
-0.136300547855,-0.682970423281,1.77527275422,-0.138083097418
0.130280941097,-0.655415851098,1.34939270698,0.203640238315
0.383761053152,-0.187219135206,1.99901043095,0.957695303821
1.45266899076,0.825715690425,1.08322425941,-0.630328102954
0.272856922047,-0.288889795513,1.6643484374,0.835570445218
-0.408525727735,0.335364215108,1.83806453166,0.576882090655
0.0640616161509,-0.349304966233,1.68947346365,0.504783904484
-0.262138224817,0.248321299277,1.97827561857,0.87611255391
0.682424667423,0.650211169375,1.22433311115,-0.457004549611
-0.235005991691,-0.148988541939,1.15096069101,-0.735853836944
-1.86421630626,0.951269693989,1.10673944398,0.708097888164
0.216332486676,0.87158936977,1.55158519469,-0.155429474647
0.624938939921,-0.599753624225,1.36704556882,0.698011924678
0.0162996259209,0.391992234987,1.25461372324,-0.0412952565607
0.356171939528,0.642926768898,1.75146476432,-0.371730225591
-1.49378876536,0.885392842379,1.24087673179,0.791660239269
-0.188716628121,-0.00591849387492,1.87715178076,-0.2839089246
-0.264193152101,0.840621051312,1.75420675246,0.366563359983
0.00327341304014,0.421402060819,1.94298447945,-0.189423546792
0.0393028464815,0.0349529817115,1.57885516313,0.0151900147445
-0.183251610948,0.373509287453,1.4059391794,0.362840408076
-0.127572934718,-0.0381999276912,1.90125119939,-0.677421892281
-1.11739607237,0.983548291701,1.57502412091,0.902093989861
0.291042493108,-0.551118922656,1.6679949516,0.460805763455
-1.15761588342,0.875051344492,1.37211268764,0.660227175463
0.93509840814,0.349036671717,1.05369142685,-0.988285390655
0.438486174519,-0.922377485648,1.59521997202,0.461111537808
-0.124467431462,-0.0449560824717,1.11742562106,-0.327056497634
0.340871989517,-0.301205217287,1.90644191436,0.957891909736
-0.322958066828,-0.465796260335,1.48165283127,-0.540494437148
-0.702514668584,0.96939111238,1.89967260081,0.867172886957
0.702738783405,-0.578043395102,1.07968979909,0.511491591368
0.262753934943,0.184185546367,1.21948152435,-0.583124599194
0.125502786757,-0.567333895216,1.27869415716,0.064055049326
1.13656888494,-0.915287446748,1.067445557,0.517073076843
-0.197150046958,0.293432957554,1.76787876754,0.96572082012
0.895023861165,-0.592446411165,1.32712199104,0.900996370811
0.0858862103202,0.00659589114947,1.61509302454,-0.78935778999
-0.16644496371,-0.230349702862,1.78882246682,-0.918735942772
0.161563242785,0.338892187969,1.71604892086,-0.724900508785
0.18698912291,0.358707447156,1.41665287092,-0.236789864695
0.331080111594,0.583270758458,1.83516573605,-0.743881621958
-0.183771089885,-0.55742250244,1.95327243536,-0.51849762431
0.0651631741269,0.0223919644346,1.81557660752,-0.867564782733
0.91348101394,-0.923055412185,1.25116104453,0.660933966494
-0.517883521006,0.236600430924,1.10464412365,0.993915730269
0.11882899367,-0.0881083689375,1.69008285699,0.334029097132
-0.457101041761,0.255682073083,1.25614576004,0.944369741813
0.469539970172,-0.854463705953,1.31414050389,0.404042318486
-0.360343996284,-0.400222062576,1.23856883826,-0.584672856119
0.113448674419,-0.205362872231,1.64970243824,0.473321773393
-0.00484153915362,-0.331740083274,1.52662816832,0.085710652347
-0.0526279970005,-0.40054673077,1.00239838507,-0.0930495077545
-0.135642179121,0.161984922084,1.73576903777,-0.0796360434149
0.100747017436,-0.99192598567,1.92827936336,0.194637233687
-0.0662087130836,-0.25883371465,1.66528606936,-0.169175482766
0.554812613958,-0.666250758221,1.77839869756,0.96157787491
-0.361999430139,0.7954165661,1.82435283633,0.392998178194
0.384740911932,-0.236499891719,1.35040965795,0.692784959151
-0.421486741739,-0.591637355099,1.49516867622,-0.569650418113
-0.581528667251,0.757920468726,1.71758029785,0.643269900777
-0.0588573505217,-0.0279222263377,1.02275167513,0.476394287042
-0.0883192061235,0.333342240973,1.48467002184,0.268909731011
-0.2660436133,-0.492220942483,1.72937697531,-0.176134782468
-1.09782732409,-0.803121042766,1.51297093798,-0.985941571883
0.0803028239748,-0.609968885382,1.95801296763,0.315678567653
-0.491306809958,0.378248861279,1.5866589664,0.70638341827
0.663705372701,0.597766388977,1.68346702139,-0.918216876236
-0.462548097087,-0.476237518935,1.81590605703,-0.935153910972
0.480026779274,-0.37352369069,1.46864181702,0.804647704027
0.243068300645,0.608798681835,1.8430195168,-0.635666847252
-0.327406908517,0.927126642047,1.57429121828,0.238324249923
0.780645424564,-0.589277534109,1.34544802597,0.866048609055
1.92367760016,0.899908127787,1.2325388367,-0.990639569825
0.0323858305486,-0.0539690385189,1.19205054927,0.487424239352
0.0102414978431,-0.0940569222521,1.86380901229,-0.0632175753996
0.0345037903675,0.0601315427027,1.25285276369,0.654379176085
0.0263033241384,-0.151441954454,1.59448659917,0.463885456287
-0.383070067562,0.0734664380016,1.09498688825,0.94755072756
1.23359408275,-0.673246665575,1.00497811713,0.661656548875
-0.114664247068,0.0250272168547,1.0852300825,-0.251673023372
0.0405580841208,-0.98204297739,1.99727810142,0.0620478655286
-0.355734443387,0.718693743573,1.74519544065,0.505253171553
0.0559988970038,0.0273248060751,1.64309144737,-0.709263604074
-0.000917676399698,0.0841954720652,1.72136225224,0.385308345957
0.218590100913,-0.496806494022,1.61417573464,0.373502450173
-0.846184707099,0.890592351586,1.42018941273,0.706265181401
1.32063548314,-0.797175731449,1.04269048141,0.65569068055
0.282738467823,-0.443439484762,1.8248114417,0.714307853041
-0.107428299224,-0.208283245708,1.08473136498,-0.347970167902
0.117553872206,-0.117440039942,1.58664310545,0.185597912225
0.149878739336,0.318141414493,1.51194393504,-0.346077659308
0.515885647712,0.687918679085,1.81445447775,-0.596949257084
0.206952595381,-0.0658514580491,1.15314131687,0.720419284509
-0.241011345348,-0.345765826388,1.14829182966,-0.12045152185
0.624168509968,-0.472712549496,1.43614297792,0.893013852242
0.0647862186218,-0.121358586428,1.24464795153,-0.409364571912
-0.180302766486,-0.419028860941,1.86414907716,-0.538673170703
-0.0404665589478,0.018356084237,1.28688737857,0.497123448498
0.988320383701,0.70962368795,1.48377977393,-0.793520724994
0.78014903832,0.621650460644,1.16169079525,-0.640783927803
0.440102952063,-0.20288531329,1.04301408244,0.695385553576
0.131321900025,-0.0835450886582,1.20982512017,0.852794805633
-0.0229830938456,0.260572641429,1.98664888655,0.115609878651
-0.110502311315,0.242761962318,1.61510736682,0.86841875712
-0.0626819393809,0.132474462247,1.84369492726,0.441999293636
-0.335594087884,0.879538613115,1.34616546866,0.215899165774
-0.0379044568672,-0.360258416877,1.45932052418,0.0786936009583
1.06364914675,-0.913922543778,1.25262346986,0.602722029877
0.205473355721,-0.217895447095,1.44068499694,0.701807786001
-0.135073678486,0.0070183947204,1.14228425451,-0.934715297347
0.27750104151,0.2469435229,1.46249342868,-0.791698436234
0.423471569485,0.933489364494,1.72579780129,-0.337086865806
0.746974771179,-0.792543632428,1.37825017373,0.59286532468
-0.236668432104,0.215306736359,1.24920696617,0.226896868513
-0.556881141188,0.327505574196,1.05892123032,0.507977729358
-0.420662096256,-0.60419842748,1.58427581069,-0.574587678284
0.430526291226,-0.596669138666,1.54153304464,0.517356653873
-0.327951974189,-0.774440905069,1.75722062057,-0.451153036535
-0.424828927367,0.33361269772,1.79472054787,0.989032620977
0.153748965288,-0.299828486214,1.21933179322,-0.0781553606357
-0.280691046195,0.202742066216,1.77368122098,0.491537246108
-0.918761573665,0.889291174438,1.60085416627,0.937145712974
0.0823320290515,-0.605394464989,1.86547927874,0.355711070289
0.762339024378,0.722822168358,1.38382433245,-0.63478329682
0.0810859079237,0.0663899384016,1.58402431943,0.375302902825
0.868473918804,-0.549093915498,1.09107405449,0.695277912063
0.020518765657,-0.00344910743009,1.14098162891,-0.087169828142
-0.421628676598,-0.82731462093,1.92992095005,-0.751506681029
-0.193554449319,-0.751170267101,1.40756397106,-0.278869005373
0.120810083621,-0.641090260108,1.34758415301,-0.01812925418
0.0455614658499,-0.986571967303,1.92128651696,0.136496296801
-0.592623046569,0.896003501105,1.98671078992,0.590631026677
0.758693811781,-0.889778344835,1.16072317143,0.40478741949
-0.450497178267,0.608487098608,1.40994271997,0.320170253833
0.728347898572,-0.45990034597,1.09010115075,0.676906635399
-0.286550620799,0.801646529371,1.63935430051,0.341922255361
-0.357664232243,0.489117094121,1.15588101828,0.234539074147
0.355263016051,-0.385913015711,1.18356235971,0.328751364451
0.279166891365,-0.964749549077,1.784460423,0.385479391561
-0.331575718721,0.42269282259,1.39383146298,0.476400970972
0.185248775556,-0.464564802132,1.83647286292,0.444717773132
0.321951100268,-0.423600533867,1.80609730297,0.980106988862
0.396759630611,0.690055092382,1.4719238145,-0.388624994453
-0.0368177198375,0.101621228463,1.2130735303,0.796804026978
-0.546124007277,0.616356375907,1.36356095218,0.446925615373
-0.0741698301051,0.172535371974,1.90103557696,-0.261551097809
-0.177428868665,-0.456108878329,1.64610668968,-0.178027692432
0.850601266849,-0.609036504547,1.26994888433,0.695310679682
0.153680837661,0.166218225323,1.18292574071,-0.492805498299
-0.175469996594,-0.62741048424,1.80645772672,-0.306880856201
0.32370749255,-0.607798322117,1.24351704399,0.34791374947
0.113922171395,0.167877493777,1.67287022461,-0.0718808735853
-0.000591515411432,0.363328638661,1.64394526739,-0.092499516288
1.20352289565,0.798708253464,1.41750428051,-0.857821971027
-1.4759984543,0.711397069827,1.08847304382,0.754172726998
-1.37369690396,0.715909320165,1.10696871773,0.722206237466
-1.75225820997,0.870745115294,1.15716075392,0.799857722893
-0.340114939553,-0.659056593459,1.22533100955,-0.205796268064
-0.30400028355,-0.757315809649,1.29093050245,-0.217968390726
0.0461485929595,-0.550854251295,1.37378323452,0.20564615005
-1.08262531656,-0.602292724145,1.17648922735,-0.752242124609
-0.369861634903,-0.570346187108,1.78212053841,-0.730005090358
-0.071015837615,0.0996316693723,1.2763970393,0.211208067526
0.288972630831,-0.292077647623,1.93716747369,0.585249828039
0.104555403345,-0.696861220503,1.1847824833,-0.0290121709967
-0.131233322193,-0.68019349597,1.368755309,-0.0757026357436
-0.169031041638,0.311388564365,1.86110791464,0.830712060499
0.254146693205,-0.760120334239,1.17024976783,0.11980051534
0.169110435692,-0.101356390577,1.27001373894,0.177350193385
0.249790751281,-0.534914711089,1.66608518137,0.264436431638
-0.422922782338,-0.742117101429,1.60694688409,-0.335586040955
0.017093072664,-0.180547199016,1.23152073902,0.208758600693
0.166959273666,-0.92015305579,1.15922243147,0.0314514658908
0.00780076417329,0.740108131626,1.86670563309,-0.0977574181559
0.0929591005936,0.87585650673,1.29809351721,-0.0601622393686
0.0555478713882,-0.103329595057,1.35189980673,0.750936084399
0.328650855248,0.714656994537,1.58809539373,-0.485617300287
-0.337072280237,0.636539154623,1.92934749306,0.503935068768
0.542876528707,0.690684850317,1.69968099246,-0.764829827618
-0.429644612621,0.801510633651,1.79021125718,0.438135161056
-1.06759751891,-0.863080875102,1.07918706022,-0.522501601667
0.0712070672491,0.227791128375,1.57875924133,-0.807127659109
-0.528323075881,0.616016088801,1.52690543336,0.608669542666
-0.116190515224,0.7518237558,1.6376713168,-0.160497459187
0.229386116124,-0.165844835147,1.29132046101,0.815852752746
-0.263500619795,0.321394855535,1.06659332778,0.54930642853
-0.234188477113,-0.638424874898,1.81335262501,-0.496130118065
0.100466486195,-0.388692060894,1.41260363283,-0.0330408762255
0.0610134457887,0.277991037168,1.98041743181,-0.382941277281
-0.0135208991441,0.692700429378,1.99761380594,-0.0444555111216
-0.548971015403,0.70968614674,1.65520308967,0.687938646523
-0.434502320324,0.491378814695,1.70640388349,0.597196748222
0.24239704289,-0.954074630775,1.02445052456,0.105329442161
-1.16117130345,-0.832387281929,1.34049830964,-0.957509308109
0.464843582549,-0.770887772261,1.58867607923,0.460571847628
-2.17618701886,0.920386322574,1.07339431328,0.816829835407
