20.1363827214,0.655932391865,5.53056061401,1.69312854597,1.96624485116,0.996646613094
16.2811343295,1.99766027692,0.896320655054,4.23585431094,2.85085526882,0.12927509597
24.3279022295,6.04933314387,4.98798434701,4.72576414186,3.21959293528,1.14488971135
25.5821534598,0.447777051315,3.44715502492,1.85882894963,5.88290011685,0.258517914215
17.6728702529,4.78673683881,2.94277523237,1.61675020673,5.81884228944,1.26796959548
21.4430615015,5.81662773556,0.595426240632,2.25868685531,4.07793314559,5.20151055155
13.354074445,2.94510455059,2.59711747927,2.52222459576,0.160619601894,4.55527734389
29.8373820955,1.25875444801,5.1650560515,5.46470713377,0.423294756364,0.186947970556
13.4982074636,5.03542589354,3.83138046496,3.29770755831,5.82031408532,3.27702200332
12.0883179194,1.97641303992,2.66501953556,1.84058997406,4.21865729843,0.465426351001
15.4383916284,5.85990371381,1.57675438673,2.26272446551,0.951804222825,3.37691445605
6.37115901263,3.10396039526,4.18148616714,3.67938483281,3.72495645063,4.63800940435
18.9630670384,1.30610115233,2.47350465403,0.152191607355,5.49383046106,2.44264534225
27.5905269335,6.01926687975,1.88043907297,5.90184212089,4.50957025195,1.30348644608
10.4331759859,2.20717168658,0.73472726906,2.12392362381,1.25786725351,2.05782633608
10.5980026076,2.86908464148,1.04047826214,4.72518235597,2.10478118303,1.3615095506
13.5862711816,4.53445168057,0.157715960165,3.37087965485,4.11990586723,1.18163022929
23.8354151991,4.80066301505,3.09676609785,5.82598044077,0.547696077618,2.1399914268
26.9508386548,0.904290867978,0.176287054394,5.01871385527,1.29716791858,0.601189032159
13.2722764963,5.02127724123,2.36683538494,0.470825919275,3.49338980482,4.02131034809
7.83555928248,3.84239590024,1.16270569845,3.42743758682,1.80862198746,4.72135917974
16.7210449512,1.05499734062,5.3362373736,3.6306163742,2.74303231843,0.484785110972
18.1236203477,5.29161603023,3.95415070114,5.20582709859,0.706247501094,4.05130533873
29.3220212084,0.404933565888,0.121001355073,1.01342692743,1.06466877262,0.558946771442
8.77200978078,4.08335770437,4.71027977919,3.14981832553,3.9535741441,1.30897089637
30.9010337832,6.01830304819,0.96283084094,5.57934092672,5.96541133503,2.90429501661
27.7172613685,0.628693507213,3.82953376335,5.39943289523,0.190076501989,0.297437400444
19.2491109589,1.56145287423,5.76521942144,0.204114888231,2.33333691347,1.23442442388
11.7561023344,6.04748115683,2.97599020626,3.46259164176,3.55871877102,1.58195701641
4.86125610289,1.54998705111,3.48354506491,4.77323482733,3.10439198727,3.76382585287
10.7549800359,3.5459110313,0.517328767182,2.45236377675,2.28172299511,1.66094815958
8.0623087426,4.37580776493,3.70368221179,5.12247933784,3.25216318057,2.29910061819
16.0131746451,1.91936235058,0.14932463161,4.234750102,3.95293404278,3.72416566553
17.3696421173,0.621973540536,4.51966124286,2.25713851897,4.24783157888,5.33447902698
11.0885197169,1.72927336788,4.71761224057,1.82082073868,1.80902875227,4.52795384852
25.2082821559,5.36214912048,5.34975871696,4.73887434838,5.32610757862,2.81093568858
28.7508540345,1.64534428438,5.70625472453,0.409038156142,5.9671997002,1.67173537952
22.4218504475,1.81763085303,3.86803396511,0.285720216985,4.94005591877,0.757120864563
20.2034342536,4.72792689524,0.345904392293,5.44036557072,4.8220436376,3.9945386817
15.9646183214,1.07000408216,3.26706490893,1.07160111816,1.45412144222,1.00743146743
15.2481022565,0.303812848033,4.68288799044,1.23398859852,2.68126931724,2.32779035772
22.0297888856,6.02890539623,1.26166800616,5.87421929222,3.57006222533,3.34370919171
22.6790716499,0.549540239575,1.79185511621,1.27211029642,5.67664110194,4.31403993664
6.06151350725,4.50466153911,4.05173650565,3.08832539059,4.5948640081,2.54916379564
10.660512032,1.2916461024,1.67444403604,3.32849853049,2.34142464834,1.53687148028
16.7845123018,2.46848709522,5.53652848748,2.6187431367,4.65667836653,4.95956927651
3.75823493273,2.83681470442,2.20201630552,3.40478570587,1.90870521057,3.9063433014
13.8429165501,3.4875837401,1.20540460552,5.62502412512,1.18832230154,3.73448524165
6.83182634414,1.75563781944,1.91859582684,4.39679930766,2.3307552204,3.26683708557
7.99570992194,0.846132431181,2.76972605393,1.56974518643,4.31739677333,2.24535801348
33.7868795887,0.373630246187,1.17822653545,0.509675569073,5.79603047116,4.96919794628
10.1511402298,4.97795466049,4.68815230211,1.11097667848,2.85084913078,3.0436581566
15.3565192358,5.6427468939,2.26077549095,2.75209988296,3.72371792176,0.552179894226
25.0616534278,0.239685600739,1.34665502368,0.807003367978,5.41329932061,3.26611883738
34.0896220608,0.225887111955,0.236078434888,1.72796112597,0.321895167301,5.93684451624
15.3809420561,1.3683411245,4.31526069838,1.47668600682,0.646456776876,3.30454139185
18.3096482055,3.24388104615,3.75061512056,5.47847812364,2.48616394971,6.00898000508
17.9996250946,5.26620564457,1.71489417763,5.35780955396,4.10991247348,2.3408246819
14.5069220673,1.35771138319,5.0755662378,4.06747186399,2.78417666642,5.23662171298
14.092495934,2.3380191494,0.585742325714,1.69253702871,1.34352023931,2.55121670768
19.1665756486,2.14727323631,0.705856605204,2.02699077654,5.9965350905,4.18391329626
18.2406270281,0.893483512902,5.99521202871,3.94949103783,2.23262326234,2.51713988999
17.2600122946,1.85814013647,4.48126049094,5.83228758149,1.60745210182,3.78498803095
20.2802390597,4.58571018954,2.90299778708,1.41743976853,4.81918819964,5.99026995363
12.8628777682,3.88034762918,0.0778810345695,4.25492523451,1.88358040135,3.36152399718
22.3962027449,4.4205264025,0.346749353224,0.122591516825,4.41286814314,4.50735196025
15.864470406,0.586997115269,4.27027397194,1.17059550213,4.54798279026,4.31654433555
13.2621077814,4.83914726024,5.12921468711,1.98319511473,3.30667206528,2.95769871808
22.941643413,1.22873052498,4.76653810507,0.990908674719,4.9978301972,5.7075216935
15.6516163812,4.17763795396,0.946765038662,0.66472524618,2.07149399754,1.41159349002
3.03486631412,1.73304468041,3.72666771718,2.29455575542,2.62867635921,3.48732804707
13.8809687296,5.73526018284,2.23595792163,3.97027423052,3.70285005357,1.94595062289
13.4786650545,0.530662782794,4.15545400188,3.05722787498,5.31855390477,3.16268065406
10.6993868198,4.51012331089,4.354147606,5.06025488564,2.44337406784,2.24511041365
5.76043970547,2.95578426144,4.09738031563,3.39622895294,3.66616382267,5.11702369437
6.82376766237,1.61602677017,4.80067674934,3.1509952166,2.36281379963,2.5807436825
14.5809180576,5.68438255258,4.09205896541,2.67875575514,3.84892565133,1.15102739815
13.0813917616,1.6342821602,3.05130925331,3.86409709981,4.26978334594,0.366957579331
12.2914796794,1.38325163293,1.39535570244,4.55960944364,2.55713044063,1.84040719876
22.0146746888,5.43147629312,3.71539276023,5.63571670505,3.59310717951,0.62028523736
11.986073458,3.33438875008,5.47269784682,2.30359036077,2.50449993046,4.63023187654
19.0153793977,2.58560787323,0.452110466731,1.20572412299,5.29373414271,2.46730561328
11.8113442842,3.43480817813,3.6445196312,3.00223690727,4.08802566757,5.60962333947
16.8999186097,4.5985366384,5.94033434259,0.922840287344,1.42128188631,2.81837940386
19.706738613,3.93890204118,5.85408633652,1.29743655583,2.98691748668,0.236880075174
4.37921539176,3.01772744663,2.93629654728,2.96884780023,4.2226045805,3.07080138179
22.6305993707,0.631390891049,5.40832208426,0.191691125037,1.94505803876,0.939858279047
8.43076578233,1.94382915559,4.53080737518,4.13860955294,2.35873323505,1.89974211071
26.5378240805,0.470053168126,4.79776466044,4.21099284032,5.57095609017,5.61125734842
12.7384636067,1.82800575287,4.45204929873,5.08955033046,4.37589991888,1.66853310322
22.0331131142,5.81155245854,2.26822356396,4.1871491096,4.60145505129,5.59455556758
20.9849325453,2.70059035735,4.22814323054,6.04928709925,0.813633747505,0.663059284319
15.892936895,2.44956533335,4.7742339036,2.36076284631,5.58320508186,4.65318493306
24.652192452,2.66424427595,0.13141532289,2.17167288441,5.78448872023,5.37439173689
22.5878905245,3.14687550244,4.87424666257,5.81377754243,4.94774919795,1.21202376259
19.6669285185,0.310261109766,3.43288929939,0.516738893038,4.28692488741,3.06086595161
15.7546978415,2.03352958565,1.65579977244,5.76581067231,4.30551037688,1.88043342725
10.0140060457,0.761318931304,3.21240404947,2.57907072735,1.17839874848,2.26234496142
22.2163238904,0.524282374464,0.408437827897,4.4553030701,1.83488162166,0.895622377228
13.951685112,0.959978576919,3.88520462789,3.10481084393,2.82568358312,5.79478979779
20.2373893483,4.1183272125,5.34056190857,2.24934459464,5.06767996887,5.76868382969
17.1511160257,3.35052168859,0.966040196576,5.62160146119,5.27011894349,3.16717292196
13.5557107917,4.98862373713,2.40774615756,0.133904929005,2.79604419649,3.25483962584
6.93884250577,4.55927897057,3.93504702154,3.0917662582,2.74320439169,3.44168780239
20.2339083092,2.89690550699,5.1080964165,1.75431506115,1.42773465898,0.29920936287
27.5337908714,4.08376317983,3.37680395916,5.9191644749,6.02104708204,5.65804141325
28.4116454034,5.67638478923,4.89241295253,5.1783862107,5.87285578738,4.43421819828
23.2669699273,1.68733046393,3.03551390831,1.16150729887,5.93614192936,5.77721684187
33.2448187653,4.81839611324,5.66537275215,0.556639454931,5.68758658071,5.85963975421
17.1313662025,5.87126524972,3.07044814015,4.87453610572,2.85364041975,3.81487622833
12.142790559,0.537357346137,1.18071705908,2.01952959534,1.88563098685,2.33348754736
18.8604280108,4.59810842244,4.89969964099,4.34303318188,5.44604174353,3.30031285132
13.6989123888,2.3039092476,0.970819906212,2.67621225014,1.46641705904,0.808473638851
12.5949429728,3.08941762902,5.00555833812,2.3311042993,1.06058566646,1.91644085968
18.6412768515,2.50980851064,3.46491126353,5.69800181502,5.75491374582,2.5517442595
11.5350050944,4.38228891266,3.58357434586,2.2665659335,5.07372540159,3.86977034459
18.6304752344,4.11282889348,2.96191316029,5.28172519123,3.23137433122,6.00014794801
11.0001507973,5.52093096054,4.28270249257,2.9043961399,1.84956266845,3.97343299177
17.6619826881,5.22073520694,1.55057252689,0.702868830861,2.27717209186,4.39638444782
19.3280802562,3.75500604116,5.38191394872,2.87342642089,4.81294282209,5.77080747629
27.9822202316,0.822955460722,1.23644755509,5.02964845984,5.97013799556,1.57270230247
17.7654662277,2.27353046492,1.7264235172,5.47185018185,4.92886377264,4.79867035176
11.7720325295,4.42299451517,2.73090308979,1.12825979272,3.68454466269,4.62378735381
17.3380697616,0.273668732944,4.68036143006,0.608123702654,2.56656686246,2.23779161484
16.5380921328,4.27820439932,3.72850911901,5.32078078331,5.11392377078,4.30602648254
18.5957849393,0.979239387252,4.84219955027,0.72603518439,2.33108479345,4.56453949742
16.5467524392,2.12264295722,1.13836390426,2.58492391229,5.76488859613,3.17318808441
20.3083640549,2.08041079165,4.72347830688,4.12031275008,5.98507578928,4.96927591986
20.1281049362,4.07258142436,4.80236949032,0.482608117285,5.82460554686,3.27232795923
19.3412365614,0.338446750527,2.59171978009,4.61144689734,5.1596927996,4.80790605616
9.68799672995,3.80462163541,4.51051116351,3.78531222737,5.50149839217,2.77262869541
4.505743159,3.56776716068,1.80136544159,2.5988865246,2.38003954365,3.33063578116
35.6228771974,5.959037972,1.42735655907,0.531590725692,0.22185658406,5.87132768515
18.070914589,3.94500179841,4.9695062485,4.91880479123,1.28741528196,5.46617731233
19.212131188,0.692676821152,0.871670542113,1.09200398166,1.3210354876,1.91791622166
16.5988487372,5.02803215836,3.32363905382,5.38653401865,5.33386162447,3.361463131
20.479371741,0.0584287656934,2.76426039815,5.5697995361,3.9631475092,4.10476885956
24.0531004076,0.146531051811,0.717142021367,4.06678567183,3.02437667557,5.4487758065
9.60443533532,3.16423071063,3.92511350064,2.37393475387,4.13470641845,1.06672357783
20.1747559565,0.531451995404,5.04446413787,1.27176171707,4.83795950906,1.01165620843
21.2078812374,0.866086037374,0.390856538921,4.77294140644,4.04210723848,3.12659293328
7.73547802628,2.01632924593,4.35704371602,4.53647421151,3.42129734964,3.60955442469
17.9566967778,1.61213569647,0.513325248735,4.88311890709,0.545032878772,2.53165058398
19.7397892653,5.63858581826,3.67377466282,3.86107276893,0.542112062037,4.68766388857
21.3049259828,5.05619238549,5.38966551048,4.27534930896,1.1346967237,4.73578687979
12.1891512108,5.44944650968,1.93025418368,3.31237786126,4.67344650419,1.91070383982
14.9802514707,4.97769669512,3.84118722792,1.57687614208,4.19549958819,1.01461290505
8.51064033139,1.94351571719,1.16441042039,1.4410956009,2.65756471398,3.18331310071
31.0575209809,0.442113596536,0.450834823469,0.0973476272281,4.66711924776,4.9007722266
18.1715000524,3.30669343595,5.04310355289,0.284706518371,2.98874684875,4.85258088623
29.9919688172,1.35983156347,5.42894912355,0.544789610391,0.251144512545,0.464018415822
16.8265526829,0.233057170522,1.53305376609,0.301168005273,2.98162305942,3.35141395493
18.2254258596,4.78405867009,0.196619486659,2.23167959243,1.76329579469,2.00817384249
9.93334812789,3.67496097273,1.17215916613,4.7985003578,1.30366174122,3.38784795973
22.4472660908,4.92428705892,1.41193054737,0.143859029863,2.12495636014,5.90505331591
9.10415189428,2.17690560779,2.05800970939,3.44023254109,1.70671484014,4.89259389502
5.38928871779,3.43091650045,2.46774986239,3.74037233299,2.3404241208,4.02733793838
22.5909656425,1.8656926762,0.752502402544,2.89471326602,5.77234339936,5.7622256276
21.5431558079,5.63492963477,1.79594771001,1.47749954258,4.62720005493,1.43659798666
4.21999520734,3.21502016423,3.95800875705,1.59602365784,2.22917423569,4.02441460373
16.5408306495,4.73943397121,0.430603683316,2.2827101933,4.83949985209,4.51220781102
22.1215904357,4.7333396356,4.21690152096,0.373981123884,1.90422881337,0.468493601314
12.2111023838,5.06809462707,2.50950299036,1.75651547386,4.77979460918,3.50011712944
11.1801246833,2.7554576434,5.32706099779,2.52096230479,4.75264312913,4.05093184198
20.1382145774,4.40508389929,0.358055571896,5.33164785792,4.23903078287,1.05701453313
15.6537908723,3.01577685734,0.785264389809,5.44121076439,1.03014488103,2.45639945485
20.3052655395,1.15751687005,4.91140989469,3.11212571572,0.151005735109,5.19216813828
3.56881467472,3.72230194245,3.59703091259,2.07094452659,3.36119312582,1.88916641101
22.4192180889,0.209359134345,5.22560583719,2.32165197276,1.49159307084,0.506755849479
12.8740104346,0.580957983551,4.41568676645,3.80514117636,2.40457745855,2.24798703075
13.1292203799,2.01914575007,3.09328139667,0.165699069641,1.62586778885,2.03369509792
16.0978255742,1.32025403305,3.62722133712,4.94031290389,1.17707749858,0.947389418465
20.0078296647,4.86261434042,0.594400340224,0.472708964085,1.61206610411,3.21337126338
23.1996627184,5.80932041493,1.33856416523,0.779696830534,0.325030466418,3.15567397504
6.13963185441,1.90360015263,3.68971671227,1.61086132346,2.66289056183,4.18474340175
10.1498632298,2.05616971489,1.80999233228,3.86919473613,2.74890936562,0.379760297063
19.2727893337,3.56831022836,0.255298679757,1.53463342936,1.02045744926,1.73086417873
19.2436745707,1.08204394202,5.87671110617,5.62706335428,3.00983671849,2.39577918118
23.9728376861,0.467084404436,0.978866366328,1.32872710214,0.209145303959,5.15555710957
5.91157394016,3.33034566974,2.09949976861,4.25777083449,3.35587903467,3.07308056362
12.2613720719,2.13827230273,2.73689721687,2.05523397001,3.22272999836,0.151575960008
10.2026052761,2.11526160483,3.35379852796,4.00183456308,3.72331346248,0.840790644
17.8310039096,5.76715587048,4.07689979953,0.920218444918,3.66565829096,4.49572964813
10.8348310694,3.1064988791,0.400944802999,2.80905563936,1.4203956788,2.67398807544
18.6854128629,1.29763270096,0.684792709119,1.74336575083,4.755596124,4.01269290661
10.9905136283,2.78286499441,1.55110598013,3.99833978232,2.8942772134,0.665015082452
23.8058009391,4.32387026328,5.72554304185,5.26622088296,1.64376846805,5.11985539787
15.1991902118,5.0499389055,4.01525195745,0.870973947837,3.83239021434,3.201503217
11.7399006248,4.91611392827,5.04798336374,1.78275724755,2.89516568849,1.52686874287
6.81998954909,2.97055617296,1.69881817203,4.41565512993,2.2321944468,2.23510659905
8.37727183534,3.64837192608,3.86375378232,3.00716868134,0.980696040426,1.12943938895
19.7991095021,1.45080359937,4.58886937642,5.56319479714,1.84499477216,1.2632535622
12.2315440111,4.62224496969,2.13685962229,1.61013024331,2.37044010709,5.05752845391
13.4050952809,3.53651080675,2.386474437,1.17913323674,1.28734037133,1.23839746158
30.7042155215,4.08197074659,0.135117755266,0.820160303074,5.94996057234,5.38967184426
10.7169278128,0.279868399974,1.98389400281,2.12087335382,2.4160984491,2.02078224082
10.761293768,1.81714528146,2.94657106706,0.755833280537,3.27075724684,1.61700321996
19.9884743065,2.51089713958,5.22204809836,5.74958772974,1.20925317621,4.63787114575
29.0633206544,4.90412278778,5.98889593552,3.31492648331,1.29239875352,6.03387452596
25.0152860275,4.62782468615,3.93045202255,0.38675786512,5.89040498284,0.801389803407
10.0445254836,4.28536367624,4.61924325079,1.8501740098,2.47454665934,3.08423614736
12.8423098892,3.96640665539,5.85295679169,2.19271849005,2.48518068252,2.5631933911
22.5987216726,0.374786635452,0.0870860077744,1.85632522184,3.96270859074,4.67271137816
20.4876556928,3.04328333523,3.8881696533,0.468410479676,0.526864233002,4.69214461665
20.2455207255,2.13318149232,6.00357820988,4.59151451585,2.36962763945,0.528724007062
17.1041239285,1.18824578732,2.94598496274,0.522656046856,5.3184474753,3.01200100436
19.040052552,5.54664302903,4.69883026326,0.941235790508,4.44964795299,2.1821488884
16.7770018631,2.76481585332,2.89470871049,5.73744151748,1.00187871849,4.62740855557
23.3638574718,0.64046336294,3.9174815323,5.52322299899,5.31124255679,4.55338922611
17.9628530647,2.11793446085,3.43568516045,0.493093852879,2.72226500574,5.50681689486
8.73023916497,1.73470283569,4.59262359452,4.21459954623,3.28414495042,2.56434132103
16.1215033861,4.28656742644,2.08451264676,5.87124898138,1.9767521741,4.73869089394
17.4372176232,2.29731421078,0.524853542114,0.491738878306,3.23803772071,4.58670881339
12.2775591862,3.15334467077,1.49478736224,3.94919710053,1.86818757889,0.910173584578
17.2050644853,4.80496414817,5.44946266968,3.30364397629,4.49985471149,4.48893816765
18.9445157243,3.94690536785,0.32064998542,5.15115333766,5.11088216638,3.00025692029
24.3878364107,1.25217077472,0.505731711307,4.62271087014,0.50518397234,0.927202556469
25.4023946927,3.36917413673,5.90129600825,0.627076791035,0.652753151346,4.74234258327
19.0370276702,3.12327438475,2.15298781216,2.56631714253,6.04143848317,5.35504555569
19.5940695501,5.67722033724,3.08880721859,4.9735611418,4.21858780772,1.11158773892
17.8687725431,4.08631070285,4.73827927797,0.0663285152135,4.85431163812,3.70376948337
17.3581667907,3.00030036464,5.2539106702,1.25066144385,3.0696203542,0.100797920154
15.3619453536,0.888091980428,5.59239567008,4.09692361137,4.7546777832,3.37740935029
21.6359140524,4.85050684599,3.02432804194,5.01469904233,5.34550264631,0.612993374416
15.7942779201,4.29045849624,2.45122505027,2.59064925483,0.0856105519978,5.0946775214
25.5369439208,0.396392311758,5.65573173615,2.94165245926,3.95666278288,0.259312304773
7.90861111423,3.11585404191,2.33088225248,4.33326574371,1.54000521502,2.11380722979
28.8787636732,5.82162108571,0.47911774622,3.57558281446,5.66901813088,5.07320006457
8.53055437838,2.03260695912,3.38360485739,2.70197436459,2.47799431645,4.73092261132
16.6876315807,0.322446823947,3.4417939701,3.33516447844,0.508856498122,4.03517989398
22.1356073345,2.08729798838,5.39536002742,5.62983546326,3.21270897042,5.78098447864
18.0303212626,4.43134805588,5.14618468885,4.60098134282,2.68209202664,0.871073086202
19.0567284315,0.270508103577,3.33258553996,3.20957025832,5.04672681513,4.61961476763
9.57975844819,0.89494427515,2.86826063989,3.19511278382,2.32438533616,0.857224073457
11.4167077768,3.73877951927,1.65570572879,4.77930576511,1.87259910255,1.18461176604
8.05997740495,3.44666934225,1.25184643923,2.26157104977,1.74392039172,4.34725111639
16.6173296997,4.67028774354,4.33125410717,4.03821052419,0.726852526885,1.34710065699
19.8192762186,2.49729347278,0.396088159797,1.82187060633,0.668224097983,1.01809708906
15.6721077748,1.49201102445,3.45949867221,1.26348080545,3.73770357041,5.55464252176
18.9159521177,4.0524510667,2.5486428399,5.40601798942,0.413709832331,4.6543802928
24.7941708228,1.03934996051,0.703851818691,0.484517055024,1.56125154643,0.30246766127
19.2021739442,0.436061059236,2.71765292762,1.3907138681,5.56403292288,4.12550830923
13.0925958631,1.58888893666,0.685797999817,3.99179196582,2.63480450524,1.13305281677
20.8097432727,0.70947390206,4.89084525693,4.98931510283,0.571444350163,3.67680431791
10.0110194519,2.28057430096,5.72368695659,3.12686810744,2.45242545742,3.83972638623
11.4385647627,4.03323322757,1.95347579253,1.82684729422,4.42410760388,4.77021274749
19.6438776871,2.78772807474,4.01141561744,4.62229196331,5.95572159461,4.83948700341
18.0860140764,0.96309670349,2.37072106125,0.755729654642,5.21226150622,2.1876440418
11.8639963701,5.51232867136,3.02230972489,2.7167551992,4.22993847936,3.26199497884
16.2894516778,1.190655519,1.19253903315,2.27874976248,4.01021450983,5.07448586895
14.7548119004,1.67762686533,4.49437445148,5.10869264805,1.97980140679,1.58698932832
25.8928170705,3.68951288305,0.495803654721,1.21768347422,4.81409575566,6.03459596009
21.4361990817,5.53774945841,1.15577268193,0.413299255361,2.87143727432,4.58286726901
24.1326564423,1.02783356429,5.20080714032,4.19331539694,4.97290995499,5.64812537477
19.9803199471,2.10225966889,1.23491406884,3.03480406523,5.6872381991,0.553488959882
20.1939862005,3.99263549266,2.57661714881,0.486494153816,4.63432954035,0.762882681172
16.9625121142,1.42116186979,5.17911897965,2.7399008635,3.20137687578,5.13029125691
11.0375655788,2.14491959445,2.3490699605,2.78087657651,2.54971126724,0.0695905937615
15.5556013126,0.863985133738,3.98984408517,5.07006921041,0.963752206578,3.62374270454
12.4198212955,2.47545492849,2.43262700522,4.6165901255,0.87465097403,1.6858534677
15.4643935547,2.59097531426,1.71763764756,2.47627826141,5.10333303817,5.42127267699
32.1889432085,0.825278780921,5.76992319643,5.50914835237,5.95089241158,2.70365287781
24.4134111972,0.534918837296,3.62209295378,5.10228913306,0.854480676715,0.273875281381
22.2702862199,0.325788341743,4.15298999593,5.90182886269,3.19196993302,2.41133830886
20.7870634291,0.882504269681,5.47477024767,4.0245064308,4.86671016651,4.66718449766
23.0656325431,0.207972968464,0.574646419185,3.51709379284,2.01147923793,0.962006961373
16.9185570357,4.69520215331,4.69795917606,1.12623506253,2.11653125553,0.618682006465
17.0927154755,1.4486747692,1.93431960515,5.44860039341,3.35001614079,4.7854496834
13.9362659627,1.69617110031,4.87154562888,1.36759052841,4.60248940657,2.63883339942
22.5286885584,4.67156152556,0.300793745346,3.65226000423,0.135796228259,4.71074570411
24.7578333175,0.787115215101,5.80629002386,4.25637273898,5.75590151548,3.85964905607
17.3959135963,3.26552361837,6.04356016391,3.65430377748,1.91670174527,0.765700676263
13.7716893297,4.71556688812,0.598509836629,3.30128335999,3.70623091467,3.89792554602
21.5137025037,0.670737699101,5.20929127508,3.16027189653,2.38818934476,6.01663036087
15.6317210584,4.16936576732,2.600396067,5.70494325999,0.66481608145,3.27433370332
19.2414971205,6.04425550784,2.50816378317,1.85708810484,5.59434858071,4.22931832384
14.8962702863,0.335585205797,3.22831196781,3.04692684506,5.03529925267,1.19957538127
18.0496654989,0.188750438968,1.46139246187,3.47362717553,1.04956162694,1.47777863713
11.412116531,0.492287065467,1.90408926776,3.89209900213,3.98926394138,2.03751979192
16.5102639231,5.13172370548,4.0906307197,5.5716267468,1.4879302552,4.02701196
16.4454342719,2.74388963933,0.847196995933,5.0200726054,1.8421424356,4.77883582217
10.9731000565,4.86771014729,3.6045181784,3.31752606829,3.56683413637,5.00039064196
20.1260072615,5.79301168908,4.38497422228,2.61879222866,5.5632235323,1.36453821727
11.704498322,2.86990501782,2.57882022418,1.24090349234,1.91734593277,1.32075948762
15.262359813,3.48780494091,0.824568809182,3.92666127582,3.88255084136,0.350532508297
11.6867884288,4.24977667775,2.53166418463,3.09321096128,5.67724403171,3.23402503623
11.1523607331,4.16975760569,3.05578265002,0.945829306612,4.26560378804,2.05558925885
18.485745682,2.32913501317,5.59135460927,1.49722867816,1.28664473792,4.44961258002
8.57263585403,3.50204347065,2.97651312024,0.641162331241,3.46085862507,3.61110730173
22.6022061083,3.4843808434,5.4753567175,5.64176306469,5.68695702888,4.12184083931
21.7882161052,2.33137074836,5.99960466609,1.27059703491,0.353915860765,2.10655710525
15.8219593334,0.268054644544,2.20724690341,1.63251404224,1.19144196207,2.18942624735
13.8273626101,1.06875384228,2.46169177282,1.24996363497,2.81873905498,2.64150407049
22.6731499689,5.85205624094,0.532396900851,1.69307354998,3.50187612703,0.742085111326
20.7939195919,1.65395148681,5.76638040231,5.81111654055,1.63718761426,3.99580701322
25.4274577863,4.81823877861,2.93787163912,1.10574517328,5.96179430553,0.344035341452
17.3176006326,4.91643229435,5.53630725524,5.16679227317,3.67343677087,2.73818766111
27.2521602657,5.32827860409,0.991975655501,0.207492062936,0.171257181844,3.19777916727
19.5365862938,5.99824040935,0.443796020176,4.21452436784,3.31434068288,3.55709686567
12.3878025475,3.75850327322,1.22146291225,4.66226914254,2.40293620471,4.3917566406
11.4651352836,5.74110868967,3.8510517024,2.58310816167,2.55249558746,0.765230741763
18.9169881116,0.0976875429141,1.82785821814,3.8578081479,4.94212085836,4.9386210203
9.90252554979,1.62061797997,4.63603668392,4.10994233997,2.22994286262,2.61939243174
18.9308804286,4.83117831723,1.26537974321,2.55016431665,0.350841207774,0.963740688083
25.0702055024,0.283902659642,5.50144445706,2.17822348763,5.60628014346,4.03095056115
10.508967281,4.79210172944,2.88580894977,4.54771789978,3.26258470854,1.18087913804
10.625340443,2.26356775469,1.77756830017,0.620180453221,1.99710841533,2.07554513682
9.17565288033,3.50217875632,1.09047946779,3.39435069542,0.738723958045,1.64838201299
16.5585453009,5.05394315542,1.57101265953,4.4701298281,1.3573852954,1.05806556541
19.7815421523,3.14509221832,3.89789500558,5.71540193264,0.129498535939,4.04901305986
28.0942768253,4.75688686682,4.10685809047,5.72973939047,5.36611954624,5.71545991409
19.1376293342,4.54131948951,3.80608106207,5.55620647622,0.401998734113,1.63581771911
28.5258250052,5.93559417995,4.30761982518,5.43655784416,0.45497917059,0.686835418358
20.7644615392,0.710287347403,0.318288985917,1.31295753298,2.35161695345,5.23810364066
11.5476957561,1.27195512661,1.01244197331,2.07528380355,4.59788656537,3.52377142974
7.89200402743,1.26285071887,2.240677648,3.12246329354,2.83062011168,3.38141716833
17.4011850736,1.31305365035,0.95371153311,2.74788570125,0.638593391876,1.13212396009
14.055325884,3.32022294613,4.62406274777,2.4873558756,5.45036534707,4.45700765634
28.3695132356,0.216282343664,2.32274539119,1.00535770655,0.129712070111,0.334795229106
18.0599086947,2.67058359706,2.81182098353,0.284269074971,3.52581234884,0.0831788313436
20.2959924715,2.34105239888,4.83224229296,5.71297748541,1.14945888554,4.16143694425
23.8443179026,0.997626732742,3.14064571265,0.345988894856,0.202433337692,4.26945499813
9.23888320662,3.40148360895,4.41872453533,1.71494676965,4.19880088027,4.121215383
12.886821285,1.48338231487,4.24884652921,4.91844785842,1.55728382526,3.23409075393
12.0203534147,1.32500891434,1.52211589335,1.2819400832,3.36889109464,5.01407842854
17.8292945358,6.00299023546,3.54264146289,3.88946786577,1.99396035851,4.6370272413
13.7729591478,3.53939930398,3.27770072997,4.86231319674,6.0293274228,3.01603105189
21.41037514,4.03314560159,0.106308013717,1.31321286556,3.5297235322,5.69784065898
7.47366563869,1.81574792661,3.62951048438,2.62456407703,4.02667328426,1.95939146704
12.4257114042,0.523552483024,2.29939629052,4.31036291781,3.48609889144,4.50605503188
13.9571536909,4.39967544587,3.00714054772,2.22252434249,5.87128028058,4.0384132909
10.5886787063,1.1015172783,2.10490585926,4.5267761413,3.92658611713,3.19071814864
16.5160747419,0.226994475125,5.0335134154,3.76550692757,3.21061309382,3.08665953978
18.9731578869,2.0761243456,5.37564478346,1.13569981907,0.412166440255,2.16158624222
19.6863035881,5.03717839709,2.03957595943,0.0521374644193,4.59044421553,1.95758556407
19.7308251266,1.44876685649,0.212205391318,2.4708785594,4.73341492958,1.37441413546
14.620372816,2.05557269653,1.27445801931,4.47740578508,0.954109523692,1.60879678701
8.7680785804,5.13123308157,2.78010899087,1.23471367252,3.85949308771,3.26931475626
30.2598879101,1.09039878674,0.365464605733,0.181701827857,4.34467323881,0.218328870533
20.3296911402,1.52064195744,1.42598525722,5.42257484126,3.40503544626,5.71357645741
14.310554657,0.491267439677,3.19693951173,0.56848311575,3.60026370223,3.03660271713
16.8325284737,3.87669922885,5.5586957179,3.83829065497,4.84499287978,5.12533013918
25.0383441053,5.8157938587,1.15752004897,5.82440239698,1.559032062,4.47509118076
22.3394401518,0.18097398482,3.41970224174,2.0515582058,0.143205434775,1.37345461779
13.7571382428,4.71946634112,1.69561268832,5.817180777,3.78815257592,2.49535519216
17.2378543904,0.404446784658,2.20559381895,2.75660024291,1.24231228244,1.43805096477
17.7240620483,6.04638610452,2.93953822421,1.96727916373,3.96372944162,3.29273024495
15.0427573392,4.75476288825,5.84746141161,3.85947927706,2.16707968312,3.73619889632
13.9389018941,5.22492713458,4.69082073216,3.42882058688,3.89137102945,4.10699360961
13.3228085366,3.81075063717,2.98340463322,1.17878418068,5.67085094879,4.78084225685
17.1646885895,3.71603028618,3.84564790095,5.84846171623,0.646809554257,3.74600965242
14.0164453226,4.68927906246,3.28270061393,4.7147449529,0.165759006961,2.97284221837
8.1536389492,3.27859465317,3.61292160659,2.63020475173,0.494377620368,2.65634478938
14.1602820498,3.37204828828,4.3340221576,1.05689922092,4.58852879283,5.17926783026
24.037657356,0.336884984907,3.95434274399,5.95442652,0.666726604949,4.02511694962
21.2113969799,1.43046821633,4.3757639952,0.688705507541,6.03315407803,3.36139852216
28.1181760015,5.69230383226,4.76359097281,0.472772874462,0.551818469425,1.32928678701
13.5323770304,2.00949358376,1.36439609802,1.9119359839,5.99867305473,3.53178829413
19.4410349986,1.62914331584,1.63571313255,2.6277854186,0.176701877963,4.40024412014
32.5788846589,0.264367602258,1.0068123347,0.160980223777,5.96457962944,3.70175041393
20.9696560427,5.58002087666,5.24452528236,4.69107641868,3.70277634921,1.0974543142
12.3945815612,3.37641944065,4.09025832822,3.69468319391,1.01455993081,0.852075641076
12.2141775398,3.41550628357,1.56719186798,3.29806770445,5.49052140022,4.08762453625
8.81063360845,2.18050458843,3.10201799624,1.79794511398,0.796258901468,3.0108750143
21.6362602267,5.09784739143,1.75348353636,0.928800471437,5.44964845687,4.88545493964
7.51790259712,3.55424024397,4.10429773544,2.79514344604,4.59041426334,3.94965443274
21.952246279,2.27279188378,0.190904277577,1.67937391982,4.38993172118,5.75056808194
20.9164362644,1.74096568784,5.43055741243,0.839568692718,0.777703955502,4.32486342222
13.8947960266,0.678908493628,3.8746740057,5.48406610314,3.29856081318,1.53280920807
15.9735536687,0.750142814961,3.70917354506,4.76116147965,1.95512666374,4.72442330555
13.3665274007,3.30747782181,3.01286855178,3.99920525481,2.07050166776,0.185549030108
9.58043762194,1.06106311517,3.32738329826,1.01673643803,2.75000292214,3.89037354064
23.0572816184,3.98996578715,0.316862024943,1.46188912528,2.26528498471,0.105421752085
20.2823830974,5.61932283231,4.03993527668,0.551257346997,5.34090822597,4.06967315534
19.3009738641,3.46892543561,4.67428736132,0.255586961028,2.22302525612,1.37460566276
33.5537528933,5.95712390708,0.913688339355,0.12618509762,4.40991416351,0.151061284255
13.5936405504,5.62354577804,2.47566781411,5.33465705744,3.27886037208,2.70216894663
26.4939276076,5.54494610299,0.076103372703,5.07769717243,3.53320962383,4.43327817438
14.1494719804,3.42463491973,0.683684777935,2.93560183619,0.805639850138,4.71900845938
23.6005091124,0.337621520929,4.47677717953,2.17079193728,0.78625942095,5.52161845854
18.9039419771,0.432491399976,3.79563231026,5.24759676645,0.839736814091,1.780236346
23.3596423446,0.632000034473,0.429756286067,5.12193247985,3.342980508,5.36188861223
18.4080647079,3.09460594419,4.50724297621,4.59845352115,1.36764366808,0.204908414796
5.70905592087,2.63255107006,1.75314123767,3.62744433685,2.92809162502,3.39477086416
13.8911910857,0.186321129195,2.11184464273,4.29643306086,3.82229367021,3.83182197262
11.587745526,2.48244884892,5.71726864787,4.45836638043,4.5529225892,3.44644419109
17.5391597096,3.82422687865,5.18769861625,0.637293338075,3.48863245051,5.14390812526
10.7677331161,1.3341376075,1.72042561371,2.74866648292,0.706805788473,2.74571216419
16.4675825365,3.55657778507,0.636497969231,4.05643455836,3.58438748687,5.33213892926
23.1562029955,1.17068287618,0.994980235996,1.07024157173,0.346303494621,1.18257438985
14.9906866066,5.59737527353,2.21972742498,5.08497118069,3.25416940587,4.87594418038
16.7395732896,1.52228087058,5.83448971064,0.696437568061,2.84296879278,2.1761948073
7.4752711205,2.33924359952,4.74316729282,1.97330050777,3.24715972394,3.89712868094
18.8928969666,0.957915934434,3.34370898111,5.83929036333,1.5340128946,2.61913372432
7.77707136338,2.8820355183,2.72824325379,3.00321531325,4.16954478437,1.01696078862
22.2123752696,4.36293528159,1.98303942348,4.2840801515,5.87720284142,5.32810838961
22.1709190234,5.7924942223,0.959251759876,5.57606085862,4.13454802363,3.01439158297
26.0381677498,5.1216044611,2.02891596222,5.87302180474,2.21645442405,5.7250893782
14.3145626903,5.96284082891,2.86114581849,4.20871513082,4.56675242675,3.94004379884
22.1772262844,5.42271019463,2.00155379538,0.72257372156,4.01627624177,0.249036104744
20.6033090584,3.49027658896,2.74987843168,0.781519107078,5.55471121954,0.187044139602
20.7755784571,1.17372287905,0.840013049653,5.42044012048,4.19013093091,1.64845271501
18.1606062782,3.39438383642,5.35598276058,4.91189618881,3.05368021897,5.89649464023
15.3450246776,3.79930384595,2.46648882386,0.168031286265,1.8299336927,5.16065164755
9.31731913793,0.701106026074,3.24057011731,3.57580065477,1.83831315347,1.29357168
23.031287366,0.197707285284,1.00237801983,1.1414370882,4.74110317414,0.533484886214
11.9234721939,2.86068557261,3.97299332558,1.05785769189,1.08320181719,1.78600384988
14.466845426,4.97605471255,4.23784950037,5.00351261378,2.15028712321,1.49844555048
25.6104975548,4.49887989924,0.407541312682,2.12861872543,0.146124253503,1.09064595268
23.7561187201,5.24729463323,4.99175790586,5.00861347704,0.274916549108,1.48754597483
17.7180708595,2.39434535751,4.83760177989,0.856260073905,5.36370455491,3.19785054515
18.8683686164,5.15322475705,2.41084290804,4.78386621604,0.279739105695,1.81158992064
8.23356348566,4.32258980001,4.40841239445,3.58421425834,1.43023537859,3.26971010407
27.3035747733,0.139671704339,1.20211292003,0.424948706627,5.23546662001,3.90942243464
12.6423522124,1.69562961869,4.49112240878,4.17271483601,2.61193566807,0.496242235493
17.400531805,3.8522668833,5.4013324301,3.30360669351,0.331284299912,0.856902820937
16.6294060169,0.980595935954,6.00995007315,4.01752148934,1.99495368078,3.84925311348
27.9007867187,0.892085851711,4.57937408737,1.79749503754,6.0110020474,0.234783951818
10.6383459766,5.49078072145,2.44883293191,1.13054259494,1.86315942898,3.64524238978
16.4146999245,1.27530487588,0.145711382994,1.53210535961,2.12403774405,2.46137000234
15.2153308778,1.36896195759,4.13619559009,4.88741054224,4.09437799785,5.30795176232
23.7832941838,0.384749307258,2.56588161246,1.00984174452,5.92024901358,4.78947138088
8.22722655403,1.66892198447,3.21806459081,3.99275627705,3.92641414736,1.67312842046
14.4306637874,1.63292000537,5.87258180584,2.48232871521,1.45153022371,3.3000306342
18.3292009715,2.61485451537,5.13549023499,5.26400019696,0.874487275342,3.00158004445
17.9004568516,2.05460531643,3.04759175243,5.18282958641,1.48408997824,5.64905903014
23.6785631969,3.07651763687,5.28124404273,0.0920523166757,5.59970833071,4.50957310945
22.0679265198,0.572089274212,1.18193435186,1.84385632972,5.35501668582,1.39919481643
36.4854650542,6.03586604994,0.341427161662,0.703988538811,0.32089958073,4.76335528275
27.2783068098,1.23527230282,5.59432214775,3.35106285122,5.43953871681,5.85525694779
18.9898411507,1.63884872522,1.33867632684,4.75321298489,1.20865582064,0.707967093167
9.09966392476,1.73411108408,3.14108349573,4.2400503551,2.94695753918,4.03637300293
26.2250717978,3.08971351239,1.14460717092,6.04354032975,5.48240986973,4.87453028054
14.8935641755,4.77797032999,4.43326141321,1.56885112092,4.11446496624,5.00629542438
8.5192145661,3.70376929037,3.81927654813,0.198030093077,3.25435769749,3.5045166436
18.0528180296,1.38006511369,1.49652952968,5.52007101387,1.71604926398,1.14148917902
12.9961945243,5.82003076686,3.01852308762,4.27212589101,2.89781009557,3.02424068483
12.3598471108,3.04256889605,2.69389901446,5.60660434407,4.80711547116,2.4925851531
21.3810356309,4.74278623468,5.11234452803,0.390336697001,4.0489812031,4.32409020683
9.38053275175,2.37646639418,1.37367614306,3.4761692227,2.70598273795,0.078009514818
25.1874273276,0.157052929918,3.23506076539,1.20331399259,0.0687292887067,5.10579442431
30.1862643527,1.53163938502,0.084619809525,1.22105934933,5.83163798548,0.866725775602
17.9984847019,5.45672996971,1.89591440531,4.06265855834,5.40340841536,2.8267534312
19.1030815282,4.34014272353,4.86228005955,1.96786305314,5.5421741884,1.25734968076
8.35180285846,3.46299503248,2.43959958295,1.44887205231,3.1901059159,0.950661915772
14.9898513516,4.52992394694,3.82343703245,1.92332671329,0.083522042572,3.43143990747
10.2527139439,5.57420689571,2.57289897182,3.2564137884,1.91765304663,3.82573162036
7.04283372923,3.83641216265,3.85082204527,2.36382259046,1.12598381029,3.6281698805
24.6519521723,4.18108362146,5.95301278721,0.713641862629,2.62964690622,0.405332806179
11.1349919424,4.55287337929,5.3076164116,3.77982258599,2.3851958183,3.75303579997
15.7324951431,4.34591732293,2.97660058032,2.17953401838,5.82982227425,0.327723510249
11.9751937264,4.98570421739,2.9254647748,2.86136515948,5.35808195865,2.87179255704
6.71577540236,2.58563915669,3.84470882501,0.939715754252,3.61781689513,3.15111141884
13.9714735228,0.939240658969,3.60148913134,2.53894211998,5.05973273262,1.1745978511
23.6491662349,2.70773032862,0.063364013036,0.229895200205,4.82174897834,0.835158903807
6.13810885244,3.58120846478,2.00059600196,2.27117073033,4.39733059652,2.81276576672
11.5650613033,0.784298186877,3.71906892336,1.42376581301,1.75237256398,2.32069308855
13.7556731704,3.84869758662,3.05498295588,0.732013786296,1.08062514888,3.80840260294
12.1355866146,3.17719762672,2.41854849623,2.68080882541,1.27824695053,5.63302985683
25.2019823967,5.83988763123,1.0856576486,0.606091760666,2.01767946838,5.57071441672
17.5215232092,0.554472014745,1.8128862004,3.95955194717,3.32095913045,0.201124419009
7.63521038241,1.31693978545,2.04958708999,3.48541644094,2.55008171749,4.05052550858
19.9036860041,3.9121436659,4.9218980823,0.566788155784,3.84369102962,0.47084231376
10.0002052269,2.45670201362,0.116857059614,3.09842268608,2.69634396731,3.86990764807
18.5916407596,1.31843684126,3.64811652422,6.04758698952,2.84421477407,0.283733599958
15.9958321005,4.66796401822,4.60382983316,0.220307864502,1.44876375327,3.44926386387
10.921254188,3.5486380909,4.86079938537,2.03818493279,4.41081081392,1.5849046474
10.1718080083,3.39929083742,4.34904316639,2.04359317662,1.99029552501,1.26996321953
15.8872926576,1.85660308656,5.87392354765,2.86325775455,5.10520760167,3.67300960825
13.5740402049,3.2626502689,2.53799578536,0.766601524345,3.82160396772,0.79327508848
12.5570079625,4.90584106839,4.80083035432,2.00049702572,3.93877018529,4.44701479095
21.5196355689,4.96085232421,1.9927729725,4.75507426707,1.47352908423,5.78834341007
14.2061948119,3.50533046438,0.263898942635,3.65895998324,4.44424040679,3.2970391554
15.4173306578,1.62594074352,1.49816001363,5.88189380356,3.11241723535,1.40568955259
17.8831157825,2.08370131587,5.92757874118,4.48320939268,1.43700972634,1.63092850145
15.1411365135,3.20642470327,1.13699639623,0.956479502889,1.1230272709,1.36652149572
22.3592590765,1.61779679817,4.20174748913,5.67541567167,1.54368393311,5.82452545627
18.0146757287,4.53334612291,2.68688429877,5.33248304919,4.43762835452,5.87490966959
27.2314749977,4.41637067938,5.24976908436,0.36846526684,4.12334936031,5.7907438291
15.8573708246,4.85110224096,0.779797944643,3.93548020914,3.25995650256,0.743498342868
12.812002562,3.46148350617,2.97704203471,0.362111905889,3.94637242505,2.53538489169
10.3269654626,1.00625316405,4.74574974917,3.92330951373,3.32957000751,3.45943663943
14.1384499363,2.89551713802,0.220920863977,1.39526198639,1.24887561592,3.44094253688
25.145059395,1.43911324134,6.01091639944,4.03491684343,0.669281378649,0.784766425746
18.5578787044,4.60880578084,1.098410214,0.0592079780194,3.414549726,4.19275182222
17.8197867796,2.73357387604,1.48073617459,0.389499290577,0.664015512172,3.36571151926
17.0992091436,4.45819911971,1.62466959877,3.49214485533,1.94122272934,5.9341461457
23.7555561586,5.96491104171,0.982860385566,3.01533710136,0.299136997376,2.53429382005
11.0282689233,4.65873235311,3.09906214662,3.87786453602,5.26119161972,4.09138872194
21.357753629,4.87261658076,5.18621933138,5.83772196433,0.99640306885,1.03604933924
10.5913263033,3.71755922915,0.667335969238,1.35514608259,1.85873450354,2.9125304279
14.8795548535,3.27787687131,1.383744358,3.00904663153,0.811645381241,5.43829481707
24.7170040013,0.437117541594,0.204081529452,3.08205108754,5.55930977573,3.52823428059
18.8625168591,0.593137145303,5.79668380785,3.80521444073,3.21423511164,1.28131791445
13.3824192433,5.38257900438,3.59417246381,1.29098261861,4.18288615981,3.74725286881
15.6525219788,5.50613971245,4.01925180132,3.95626907502,5.25358348366,3.61832938799
14.641772922,2.67107513536,1.11472490665,2.19912467487,0.457662469387,2.20184823647
8.1192195198,2.66194747013,4.96495476797,3.38767156961,3.65714445645,1.1128557164
16.6353912225,4.07404822359,0.961488483404,4.03885300266,4.64110390331,0.682498836089
22.0147872132,5.74158926203,4.91835479108,2.00618651412,0.100041747688,2.83813155645
13.6121938216,2.96383015966,4.13160834907,5.24912190599,2.73085630289,5.53040115843
30.3076858311,6.02121505066,0.635631977078,1.04683699477,1.34013330319,5.22832049463
22.9144929384,6.03545765472,5.62515105808,3.01395260781,1.31208020937,1.97594966396
20.8535085081,0.852110325718,1.54078709695,1.34599083687,2.66910743297,5.53321051348
12.9446634509,5.63029143224,3.03436788374,4.23031654325,2.14438451179,1.48570947062
16.0064271617,4.54137450541,4.82815217773,1.7179090039,4.59700851941,5.00163408865
11.9858836968,3.76263475106,3.36114958148,1.764384224,4.48970579213,5.24958547262
19.0418095803,3.58294206379,4.82930245883,5.94031080699,1.82099233111,5.31544755229
15.056785193,2.45717756546,1.8981668678,1.05666452237,1.57805486675,4.94412039395
11.3646628142,1.46038657639,1.47866037991,1.87689067619,4.86276538487,2.73420067089
23.4409208142,4.22511470359,4.27020968929,3.95552073147,0.322888529622,0.356874541793
12.2222029263,2.44239047552,2.34243342988,5.38513626754,5.0633849069,4.3475771806
11.8407624069,0.702397280331,2.83899959872,2.98177786789,2.01941152613,1.37916861729
12.6535789791,0.511594155823,2.96065737557,1.3238554179,3.70338856389,2.10432533193
18.497019977,4.82424356886,2.04036735491,5.88097438805,3.43440553691,4.31620390448
27.6922220876,0.434005779597,4.44743493161,0.358106241461,0.93094579066,5.7582925677
15.7848631059,1.87134235605,1.6016313629,2.6877946802,5.39865571923,0.829981130757
35.2792205687,5.78073528329,0.209673093944,3.32869610898,0.484802059036,5.90879618291
8.48307696965,1.27068903986,0.918054353797,3.22288845221,2.49837663042,4.40477276398
12.1099599289,2.35434424668,2.52940166782,5.16836694325,4.04856251361,1.69920038405
13.7199353561,1.24076235483,5.2316538921,1.79992843434,3.76647457098,2.80973536475
10.5768451365,0.617149643007,5.2090889587,2.72373450703,3.51652955281,3.22345730952
24.1772548321,5.57883343501,0.159477643831,5.66535176104,4.24767800759,2.71227789608
12.2611573414,3.12793498555,3.02100946781,4.5461574657,5.25977218914,1.54980954524
18.3093855254,1.02859847119,3.10314231892,5.57168855367,5.01733472118,2.50570569582
11.6643751492,4.12737316916,1.96563132668,5.40895310837,2.99417707534,1.55574705168
24.4871120686,5.73656890436,4.37066132447,5.82669794208,1.54087881014,0.352764610695
25.3823034389,5.06249089957,0.858467064363,5.67386061628,0.610897802788,3.54836841079
21.1461445474,0.33987785742,4.80141376719,3.36117037968,0.967710027722,1.15178544184
10.3202329326,5.39632379973,2.77468250442,3.8959568714,3.8441979625,3.278526113
10.9384090019,4.51102631227,4.00450173778,4.59672232556,3.02000713229,1.37811484435
27.7350420645,5.15450907081,1.36157302028,0.141371674711,5.40970742644,0.926783797424
27.4166771801,5.90433948835,3.2885999316,6.03046559854,3.5534552886,5.81187493995
16.7278703252,3.68051221202,5.38503188976,5.77685958398,3.26733510725,2.0030781513
22.4515649218,5.77296951599,4.77952668189,1.0454355221,1.14499001133,4.78465494023
17.0018392812,1.59999478986,2.66952555536,2.97081244695,5.24401053026,5.58508677335
21.426886176,2.04955572521,5.57921653556,5.73401009115,1.85041683879,3.40371574582
27.2633542822,5.78816762877,5.49688032051,4.81867278153,3.46800718957,5.89690138471
16.3007742957,2.24906394868,3.5168104626,1.16692519999,4.35548479654,0.176224890479
8.79399825237,3.51438995781,1.63430229107,3.49544647261,4.23192193367,1.62382906846
17.7500046047,5.88439397758,2.73715880987,4.24620339412,5.53281007342,3.63016985211
13.617225013,1.35181366867,0.268410146161,1.58795990673,3.57855306084,2.04910086079
20.5106852528,4.52907108407,1.2132413074,3.82733076421,5.22252610499,0.158747761903
17.1107567478,0.483827530752,3.67047046032,1.21023132059,4.05551473465,5.1265949799
4.24862802717,1.29084027672,3.00752807325,4.0749907469,2.69123985257,2.40875297038
13.6793536077,4.54951727182,3.43515248703,4.02673352844,1.0638715859,0.581825811895
9.17848578777,4.7042395625,3.72454947903,5.26043800921,2.73401180974,2.80252222996
14.9189724096,4.39212488732,2.40423536077,3.88071270684,0.810172541024,5.31324777688
26.0223327789,0.620006591464,5.94226330385,1.49464579671,0.349405503415,4.29063696627
12.0404809944,3.28965280436,5.31731591659,1.64833645638,2.10128346912,4.39063986817
23.5838391608,0.687786551468,3.76142395035,4.23172859153,1.12140914447,5.98164688453
7.1576724795,2.81961512912,2.29840084304,4.65067183784,3.89322032351,3.70612704753
14.8520087677,1.62286521198,3.3792166899,6.02521989476,5.14086580021,3.52254642425
10.813618054,3.62255106096,1.80956865453,4.44296863836,3.16339266755,0.924609691085
17.4733042764,2.91081645024,0.454638615827,4.97532032392,1.1162319054,1.01137041565
24.6476864506,1.75081298939,5.988517194,6.00242333362,3.41477904195,3.76962871538
13.9641797815,1.67921485642,0.633077807851,5.16377831375,3.25122734039,2.60308752586
13.4003594303,4.91113386849,3.6237668178,3.49546484216,2.38351930747,0.151391669955
15.0658633998,1.91219003574,4.4655535491,4.96817567927,5.66803822282,2.303753962
20.9077317359,0.113507871777,3.17318886353,0.351110061803,1.44591824002,2.36254109659
33.3065635428,5.37522035327,5.96487399325,1.33877892318,0.587835127724,5.91442196438
13.898440727,3.29279957285,3.99154220334,0.83756276756,5.69033154707,3.93338749268
27.0920703297,3.75540863268,5.51375547996,5.53174913621,5.72920549494,0.98845421917
13.7740900728,2.89073830334,3.91957448001,1.19925822282,5.42792956806,1.19445613507
18.2346988397,1.0070857317,4.03995711992,0.541657222698,1.74364673752,4.15830749494
7.99830350966,2.89324571199,2.36308202193,5.26653903719,3.44415166784,2.90982526514
18.951502022,4.45958004095,4.22880742284,0.828953197327,4.05851318668,5.60318998136
17.5304103299,2.79771636827,2.79392669466,0.0593032444596,1.76695540091,1.08700044926
11.4541361807,3.93332555604,3.27154051752,5.06986504564,1.15843293648,1.96485488613
12.0065366804,3.38936396035,1.47963843604,1.04881815552,4.13140625854,1.54197677146
19.0101532357,5.43455339041,6.01531391805,2.02236129879,3.4347922568,3.67717230932
12.7897081934,0.0942334570979,1.82904487442,2.69210315211,3.99180558378,3.15008679329
18.2025791681,3.29375794966,2.76110717138,5.89265290659,3.36214602211,0.603421829156
14.6611001423,5.03350928805,5.23299871696,1.56880950475,4.13333027243,4.20187632695
11.0949111571,1.17394345043,2.73122232651,4.50725219647,1.25888143227,4.18782062599
9.77650782716,4.9996937989,3.1674714902,3.18543601058,3.37452162074,2.06943405313
17.7678961712,2.37844603605,5.65695750512,5.81929308127,2.41150266068,2.34081507167
10.6697929051,4.42806308803,1.30104582473,3.22495203388,2.62086905903,1.1234090707
11.5443677787,3.00276407011,2.62593850419,1.56808304144,5.63801011382,1.74382337089
16.6555824003,3.83076546731,0.290259405358,3.21617041421,0.606316908318,3.61449821795
7.91906628328,3.14968072188,1.45537110397,3.99480464403,4.01412396137,4.55727814578
13.544883904,0.541893929435,0.868857330661,4.14463496697,3.64120158145,2.29677115907
12.3026671727,0.560369296713,1.57532989492,1.85654908584,4.20315209044,3.46864441865
17.8744613853,5.86694830941,2.85625212248,3.07887450714,0.2096891593,2.17954936032
15.8680572308,5.00906234248,2.63266863316,2.40624229352,0.794761727122,0.926414980494
22.7373774312,1.00820837381,5.43789488467,0.335505259845,4.36298065477,2.25824265468
9.22726588104,2.67771902076,5.16504752497,0.893459004628,3.22785103234,3.37839518369
14.5840590862,2.42308416973,2.05878559266,4.81548902537,4.49755842164,4.88028478645
19.9851310182,0.800125155585,5.44045516998,5.2737033477,1.71366462953,3.48109405732
11.3407227158,4.35142864183,0.506350490248,3.44239757752,2.63555028718,3.83827189491
18.8351229325,1.94238617466,6.01328061083,3.2840955882,5.89066752769,2.7531635575
15.1358120467,4.89104147041,0.989684193635,1.62569947233,1.47402173183,4.65687712797
12.8219660401,2.32687482148,2.59909578786,0.772921485222,4.91059174987,1.88579524936
24.70234702,0.496833603926,1.98358209432,4.67922467293,4.530530503,5.9138088032
22.3925099683,5.04721603429,2.40709954762,5.01973639757,3.73589664414,0.410396817102
26.9926781944,0.394791019691,0.41438948731,4.2148401876,2.64801018534,5.93214834182
3.99826797435,4.02123047682,3.62781923878,1.9475254763,3.01285599944,3.43736391498
12.460781026,1.38045080161,3.45377111493,3.00352758102,0.518302998611,3.93459683182
20.1910573229,2.44855281469,1.10468490068,5.63326812624,5.64832341857,1.94930369108
13.7303398775,5.24692269812,2.06885071049,2.14017625176,4.6035981552,3.98610754857
18.4542910461,2.75044239914,4.8654003432,0.681143759089,4.06502725607,0.169673789157
20.8927310708,0.21866706961,2.08761196296,5.128016125,0.737456397967,3.53865815895
14.9935117213,2.14206141798,0.641403584913,3.59254066701,2.38085455797,0.557547203744
16.5918087784,2.00094885844,3.48425448943,5.58426123911,3.70745885857,0.225156751341
18.4741642973,2.92738005997,5.65428263909,3.56209265632,3.07376757762,5.86184321506
16.4826698956,2.47149710908,5.7444244932,4.87779010308,4.38131472516,3.48330644791
23.3253005218,0.266538888937,0.87373442302,4.38299113401,0.888480704915,5.02457207213
20.3640587181,0.494074920273,3.66519283785,1.6268457969,5.75038759153,1.59405470301
23.2244960006,0.560804978943,1.82901971125,3.70493398169,6.04235840758,5.08556177414
6.67615627644,2.75968663598,3.86986429473,1.94811775106,2.16271563957,2.77481444679
14.9152717345,3.43232443928,4.82617123827,3.38107256646,5.92257094184,4.37416783518
6.82230084215,3.46209328321,3.73302936179,2.80466751562,4.63762040959,4.50855039752
7.47401963261,4.52270919249,3.41116709448,2.31308213818,1.34646574882,4.39429664172
10.873535354,1.86207026509,2.56330599182,3.80697410223,2.60128732871,5.50995560316
14.8792160973,4.01340371204,1.64709902377,5.53275166178,5.13275475285,3.80350848477
11.7628568426,5.49897853242,3.19524492993,3.11277938908,1.78179469131,1.55164510808
12.5795378612,5.66921167316,3.28706538059,2.19588801507,4.16687645297,4.42462750336
26.4556773638,5.85607094926,0.861324277569,4.67868246792,5.96440192972,2.93457038279
18.2370625859,2.18926311855,5.10307734668,0.881787525914,0.416140482884,4.14235818729
30.2073533614,2.57617517876,0.192789260331,0.0596402745291,6.0332334859,4.08099127648
17.8013388042,3.71788914951,0.0765408621636,2.12051542695,1.74068113777,5.0215859713
19.4577522476,5.33943084086,2.21073519825,4.83759908949,1.61653677301,0.609928271953
17.8048681904,2.07756377106,4.47170493132,5.60389336044,0.913434271848,2.6160627869
19.8578104529,4.32358384041,0.78273649715,0.440258719894,4.33152382383,4.13060891544
15.3644339407,1.05570109773,3.65146546309,3.88266186001,5.37986377353,4.03911928543
10.9897432152,3.639633356,1.3923578387,3.55071933053,1.55465295012,3.10814940322
12.4166550389,1.52346655089,2.30543668399,3.43059635051,5.32384655545,4.06727796485
10.3908725137,3.53242954003,3.20475314114,2.2764220006,0.240375071954,2.95429126391
17.574341148,1.83934405257,1.54352177395,0.681186422267,5.33339925706,3.1127336616
15.7229581913,4.08679401068,3.9116245909,3.89098572535,0.518504756695,4.61235353748
13.0766739672,4.29680268916,3.47532046589,5.98335547758,2.50152117326,2.75930291671
13.881733392,2.14294262969,4.47726963157,4.43608982494,2.56876075716,1.03851694442
22.1778157292,2.14141295919,1.41912069854,5.13618856176,5.83112860273,0.691192910122
14.0603951776,4.41697174477,4.99009524132,1.43484811549,1.25523309705,1.83689086737
17.4199607889,0.85242276375,2.65392814017,2.72419180256,4.64456301328,5.33831107907
12.4360374709,1.9424085552,5.82822583956,2.28251697637,3.4579488376,1.9975389595
23.3174594877,5.74156595418,1.69016313447,1.59828661088,0.743897708851,0.650294452857
18.1687752649,1.17099437141,2.14388776535,0.562358046317,5.03869837686,4.94747968358
7.62812402434,3.73153643709,1.66481972535,3.64509297857,2.51508754729,2.63914524988
8.13134573192,2.83632139029,3.05114470942,4.1237472997,1.30853541207,2.16590359384
25.2649631398,6.03648364039,5.733948007,4.11188024436,2.6700702751,5.23860194691
16.6766631523,1.43661608373,4.29392957204,2.36068129127,0.701953543026,4.9914845604
15.3744849019,0.690071575972,3.91568413968,4.90010882465,2.60705661385,4.42553697354
8.85862751454,4.09902730786,4.14548022285,1.05753383601,3.84062077006,2.1889450289
10.6057698104,4.32497370306,3.08494370915,2.8992842839,1.72227250039,0.893186015703
12.7500499593,5.55983177557,2.39620584611,4.78053615716,2.8311263112,2.17239955579
23.4480270522,3.16568291051,0.536285391282,5.92223919888,0.14698460971,3.55961515437
16.4688876988,5.43124908754,3.20667250897,3.6701112393,0.799973019451,5.18115976847
14.6619351365,2.43834816946,1.93682588498,4.59487074845,2.49733431869,0.186900132916
8.34892734567,2.49289991873,0.957541413233,2.34152092826,4.48555131246,4.02655006619
19.1098344181,5.71194441671,3.33393360375,3.95447199739,0.227038578804,4.66021108092
13.182153026,0.946718435898,3.12931477416,3.2146518947,5.60149993171,3.76586420192
15.998204452,5.04971151185,1.25595422287,2.54367553345,3.49001268628,0.280787597017
25.7998130489,5.7381716674,0.293813954188,2.09080826632,2.849057253,0.297324023715
18.5111057898,5.48985773165,0.999202711717,5.21315358222,2.86437509322,2.35680837323
17.3875566724,4.57854182085,3.96903005347,6.00868505322,1.9853608149,1.01067960625
20.9620664796,2.81576263056,3.80226063312,6.02297544531,5.52502565949,3.74984339556
26.74401828,1.08608518051,0.452441926569,5.08548664477,0.285105237672,1.14374519266
14.6741866018,3.81593674667,1.11568160349,3.30370477315,1.14380473382,5.43789180815
12.0427340713,3.93340243782,1.91059676455,2.31293281803,0.812135562683,3.48407762624
21.0235321235,5.23657402341,1.80368944316,5.81835185614,4.39863865295,5.13140761642
16.6405332965,0.97343908314,1.36874261057,4.14082730674,0.163028005908,1.39356013028
12.8767073745,0.591237425045,1.45991230269,3.73251951535,2.79214037707,5.01507738291
28.1535692834,0.0549247126217,3.62138986086,5.73237587671,0.0645262852687,1.63106611223
24.9346384721,1.92100840023,5.96850207473,0.97196083117,0.725863237509,1.48395705787
19.1403972943,1.5770408414,4.46319615332,2.13564447599,5.01765581234,5.53971172523
14.4169758626,2.88127843349,0.994481607567,1.83985571821,5.91945196095,3.83528734771
20.1819502617,0.664195494675,0.873640885508,5.6690022741,4.11415571328,3.6297614508
26.5653455893,3.29891243632,1.04164137725,0.854655228243,5.69931815928,0.335614997139
8.8824472623,4.20287951894,3.95490160417,4.23081453344,2.25564354232,2.94632993634
25.5610682839,5.91589090908,3.01593109515,5.65554382837,5.12853805084,5.17510282764
23.5965435953,2.42254172542,5.39707582345,0.523167555025,5.90568004821,2.81694298787
13.8657852294,0.468300097769,2.55193484007,1.50765483467,4.3809436629,3.89661413862
17.2805373471,1.46863233102,5.6867109741,1.97667796448,3.14813487353,5.11705840213
17.8013167861,4.88098841037,4.58519341745,1.35027627223,5.01354399147,5.1939769395
23.2321198996,4.70266673003,1.14292017481,4.89750452872,5.72366997571,0.783825915013
15.9946357244,0.729027335971,1.51056773764,4.36339362767,3.42320496438,0.849354505499
17.2440343053,5.79492479022,4.37263239031,2.03399397989,2.58787503685,1.26796029393
16.3110338939,4.64619418568,2.81616752152,1.95899140175,5.98361374763,3.02310865564
8.18812522911,2.97339146705,5.37479846939,1.95737904942,2.72615988297,3.59331165126
15.5214348817,2.73568547841,0.284198827413,2.1604650951,3.45570594446,0.476396968946
3.51700513243,3.03508800697,2.61178244181,3.46454710801,2.34884720172,1.15680383018
28.1441959188,4.37368348457,5.8496817097,5.75813928343,5.71452762488,1.64487069345
15.8655606846,2.76455907441,5.29999317906,4.76141563804,2.97321704027,5.31722808676
23.4489682028,2.45710205769,0.198590965438,5.54645141061,1.00249735513,3.51844871992
16.7483426059,1.55074518116,5.60289019861,4.14790481163,1.44742888678,4.79302985216
24.9678637857,0.935740411076,4.79534978515,0.832682151475,4.12665418704,0.371601798353
19.7502081062,0.172983317549,0.463157774568,2.04620225833,3.1961246186,1.06773603001
7.82624807601,3.70993274778,3.38428791295,1.55140809336,1.78152507045,1.73876649512
8.31046601943,5.41921511951,3.00071272769,3.14248113981,2.72260523497,3.67834509897
19.9966579996,5.54913309632,4.55805085305,5.87453212137,2.0227141297,2.70400891714
19.7443252548,0.361554310862,5.37677556454,2.56466104918,1.50285361173,4.91590317738
20.3164519748,5.4124793771,1.92995213319,3.72531312396,4.61372560135,0.203453157157
28.0694288963,0.606999957614,5.64834985894,5.14947104959,0.437277096422,2.76844347546
15.9504732315,4.17616133769,4.85427859839,5.29733208207,3.91148939511,3.8103596585
22.6041305744,2.25616697464,5.32908854767,2.78581837525,0.34525701197,0.546738748397
16.285635534,3.80466786867,1.52826903699,5.8510097462,3.56700132228,1.5997718644
9.93881178917,1.63079749712,3.16623782154,4.7388568057,1.54812186053,3.03867084733
22.7551864345,1.81899953084,1.6483504454,0.262800179947,0.755528524502,4.6655746878
18.9252898513,4.56460893343,5.62703689131,2.42507560033,5.74032659922,4.23253986594
8.22768525352,2.2375121692,0.91796645615,2.55606083601,2.99340009498,1.35262558451
18.6044753549,5.32643541847,4.35880394054,5.88612528089,3.19979603998,3.11934190169
11.0206947748,3.8155452563,4.60521061033,1.6662809786,4.08718370141,1.65572868765
10.876315706,1.28830728264,3.63584713762,4.17388542828,3.44999372169,4.90071146522
2.91957469248,2.56983727664,1.62979467,3.14587418475,3.17764198671,3.63627988974
17.0191090824,5.98653883147,1.89289489529,1.20896930496,3.8329358998,2.20777480307
27.911256335,5.86084117807,1.26155405402,5.91225588087,1.40779939398,1.27362210509
16.238427828,1.16742683934,2.16240059896,1.94124769159,4.94038680299,5.34889166748
11.126145386,1.52106870649,3.90758912987,3.88951508089,0.227922407728,3.45503223934
22.3519368912,5.79915013742,4.60476365115,1.97980035169,4.61269726192,5.09866674914
19.3029415677,5.35068312243,2.86096193467,5.93463175268,1.51187266165,3.36826731886
27.3936486635,5.37073685948,5.00817495349,5.89507190546,4.9846858372,1.61195316617
8.7016400847,4.21562057232,4.82909327797,4.85431704728,2.49702544802,2.73524500625
16.1520365872,0.759737682887,1.81005915924,4.44154515193,4.28756176774,1.78557141035
22.4656469929,4.22775889576,0.357132812848,4.16212428392,2.32929631328,0.212819163162
19.0809965222,1.56516506256,0.482732949927,5.94325605556,3.30229776791,2.44174128577
25.9773702775,5.45498266005,5.06876182909,4.9046333263,3.1198302503,5.59514783059
10.2959456568,3.56065377135,2.46443990846,2.45198301049,3.82992424648,5.53437480719
17.7062672128,5.06797817325,3.94990222955,1.07435845972,5.55616464563,4.40815273992
22.7514888041,5.05219741383,4.74877422047,4.80459358405,5.65096590954,4.79744967522
18.4821589049,2.87136141266,1.77673426167,1.08557939157,5.40564520439,4.66542037175
12.7285451768,2.94012824022,4.35436539209,0.354208354437,3.35868246012,2.37520460719
24.9858328544,4.93126713694,0.311208338557,0.766799858637,1.44159858691,1.09350724506
17.9040623516,1.70918929172,3.60673410983,4.21820619598,0.516521588206,0.813990765835
9.51599053572,4.05822176546,3.92949563973,3.2227731561,3.45758388625,5.61023305967
11.8057934153,5.53375724832,3.45961046259,3.68056055435,3.12044723059,2.00093500809
18.836213518,0.594929968016,4.31513861858,0.67274406429,2.1685117735,5.4151617669
26.8920458638,5.82391171092,0.370157104615,0.807319589783,2.24749123172,4.84487985365
21.2913802708,1.95111249407,0.345805466715,0.61555868814,5.22799479508,3.64040832405
15.1407831243,0.68552202763,3.14059612265,3.72375047736,4.55951093052,0.4901650496
21.1589517184,5.00348259693,2.50200056611,6.01481332184,2.28603505334,1.0729602664
10.9815241704,3.45049726455,2.56727832947,1.19018493148,1.76028549888,0.84530241668
19.2287204611,2.38442112854,4.99724545704,5.57323380741,2.23136377663,0.673122078238
9.48757732532,2.98605180753,4.57086941581,4.14387590118,3.01975554225,4.74373511682
8.05578399811,2.53459539817,3.20762954044,4.81554307735,3.17291118619,5.38712305918
17.6152646914,5.78971808127,1.12737309558,4.26009297928,1.35831794396,2.52027187115
22.1362282267,3.77488952948,0.0839992047195,1.18789352161,0.55660788935,4.2657997573
23.5758895949,1.54205603932,0.241198938187,3.71643997672,5.56074274028,0.788971251228
13.2569756469,4.85443673805,0.741863048095,2.75935827395,2.09152980908,0.810166879545
13.9473006973,5.39589831175,4.50727492607,4.71368511766,4.62496571747,2.41369775259
30.5722806374,1.27576336758,5.82013489674,5.87471495346,2.99025840686,0.453517248507
14.7527466863,4.81067222313,1.42969049239,0.375168659898,3.36447619438,3.03937079106
18.8376436592,1.75112530768,5.36249463326,2.47066449022,3.87841045135,5.81755223573
17.2170708063,2.63958630875,0.759722045664,3.62764022954,1.49720454206,6.02249584654
27.9963265242,5.76070903117,4.89105778164,5.69585291472,0.761429619694,4.76497839724
18.2872193727,0.356758026865,3.82852202245,2.81652288501,0.439599664119,1.46249719118
22.0627578462,0.722644259244,4.55578442204,5.37656753288,0.166662519641,4.00994908735
16.6913524097,5.45107777923,3.46943771867,5.12219303413,1.50780159354,4.80623122972
9.92745579959,3.25262204169,4.81954013869,1.69195814279,3.6087910855,5.21789802231
24.2945354218,0.77820891736,2.11278591986,0.22382849317,4.6614393868,1.30240563475
8.69068743557,4.78221841996,2.07887620806,2.87466646367,4.0012291542,1.81534601
20.3939400128,2.05425746368,3.94341996039,4.35908371304,0.969829923832,6.02845302401
12.2923306894,2.90077785788,5.43121813726,3.70861041265,1.42540249519,2.06665117277
23.0993283138,5.52536798706,1.99875312552,1.60471678016,0.498422767237,0.407085355173
14.6895222985,4.45857388915,5.38599982982,2.5069292144,1.76886594587,2.68927804204
18.9391056574,3.47743790683,5.29179868673,1.78838542854,5.17610160577,0.646106908977
12.8280099208,2.01172102383,0.636013705877,3.23325502456,3.36020742173,5.25782294956
15.2849597195,3.53468294875,0.216249599552,4.89293512049,3.51355822125,4.46139849403
21.0350404469,1.18200998056,0.644524055104,0.816388354159,1.2181616345,4.49836669473
19.5071355821,0.966060277775,1.30964761771,1.62891048558,0.26862098851,4.61344380686
11.5711429448,3.03370269063,0.724864370459,3.65791484687,4.54001502444,2.35383335982
16.4248514175,3.95104472333,5.78960645647,5.56504475492,2.80859098698,2.63197622822
14.7593615732,1.55445079873,0.929374927541,1.9905253665,1.7576978982,5.0234538541
10.9094471871,4.61557750928,3.5148312311,0.499576441166,2.54752445877,3.24509591069
10.8427560908,3.93025912786,5.35152944004,3.50811112647,3.68921607188,1.74375821271
15.6301932233,5.60210623483,1.50822155668,3.77964446791,3.10647490007,1.49054034226
17.8334777398,2.4803482066,0.458325405207,5.47498989072,4.11033537811,3.9571554357
20.6631016613,4.01404832005,4.97597126737,2.56714094258,0.772751423678,0.201219155418
20.7033673021,5.39603362215,4.52363182236,0.101039097726,1.69345336351,3.47708068075
23.110469327,4.20911501765,1.5963408942,4.12133563915,5.67682333615,0.375123737085
16.3910207504,5.40019635013,1.89933254043,3.24911424005,3.79495932985,0.759231147526
28.1081780928,5.35529832635,2.77655226637,5.93562688411,5.76985745394,2.07226975943
21.8152792138,2.59432384545,0.19745630069,5.01815079476,5.93551510867,3.11747474834
24.9454337126,0.570832231674,4.25676770876,3.99952249065,5.0327502767,5.84228708481
16.9498854852,2.92080522362,5.70123629021,3.47687565797,5.97271950196,2.65381284664
23.4217713965,0.340704153066,5.62744814109,3.6342043378,4.66605864117,4.51738368505
13.3692656394,1.48970874225,1.02530255021,4.16643244919,2.76467155584,0.822613997318
20.0415525967,0.616606440491,0.965027113654,3.22203324932,0.129417196103,1.72486882045
18.272826406,1.8810383119,2.44808041847,2.90755102052,5.93334609904,0.519996996177
26.2007082358,1.83953473704,0.935899402635,4.94379781486,1.09701547329,5.9927097303
9.05983140937,2.4063628824,3.71250641081,1.34784597272,2.78016854567,4.48992288408
13.106540079,5.21183726899,3.83281376345,2.80650000971,2.74892644311,1.18439647292
30.8033612854,3.11432427792,5.66629246518,5.21666400994,5.81322671842,0.392189981332
19.9938678875,5.24748039893,0.829877265733,2.49754441552,4.26715698099,0.654922098919
15.219222334,2.09024326218,4.60126995059,5.08024387249,1.30570793872,3.86411042226
22.9606488562,3.95245637873,3.96760696873,0.572559669516,0.617003048048,0.720059979055
17.8297166358,1.15456253067,0.901349291682,1.18311315178,1.25214204519,4.67499601484
12.6848985728,1.57336418345,1.34913170224,4.22897893886,2.69876328445,1.05658177267
20.5091618595,2.39435756477,2.81201882444,5.85664086652,5.24268490666,0.751757795392
14.4033575695,1.74755328658,2.30317668954,4.88114744334,5.36440827967,2.29222491198
11.0810269248,2.78645036831,4.94541519971,1.18898931691,2.9674798323,4.77004189218
19.6843480577,1.37154286509,5.10470058973,1.3471664688,0.582172474312,4.05575808129
14.3334072148,3.04981968216,0.288708904261,5.04122874286,2.19340858244,4.01547803513
22.7674488731,1.17208306976,4.29340999537,5.17139754554,3.95948484883,0.300258226671
21.7524765736,5.1527008913,0.935083479385,4.54477171292,5.39520349752,4.54479729525
2.87153751921,2.64060453846,3.4040528744,1.86696824115,3.27815353379,3.27471797571
24.8753289484,3.70217062762,0.75925651181,0.0787271179515,5.69458586749,4.27875991368
13.5304469913,2.73477787822,4.34084439736,1.3111719699,1.22237584688,4.44489129
5.43218003764,2.4345240008,3.93856088667,3.34836855609,4.33376723497,3.08511539045
17.8872962526,1.05499707268,2.97967465882,0.141911260516,0.788078234728,3.76249913261
17.3994151643,2.38006074952,0.732554498669,5.44563899547,2.15128970763,4.464005549
15.5929281107,0.495286166403,4.3383907694,2.17676285064,0.871244981579,3.54558602979
10.7374350665,5.12037161059,3.46290977894,1.76525613532,4.13190058403,3.54071121485
11.0232524843,3.02557366305,4.22176224573,4.08792300063,0.55665303266,3.02512042515
9.47416928661,2.22128982662,2.76108970728,1.19761690799,1.94283311542,1.05553993918
24.5312840235,5.48536301593,5.57073351334,0.535182824056,4.6672325875,2.7240916831
5.48192219602,2.87934433288,2.60824828137,1.31120260715,3.03944576512,4.65883511043
22.2762386814,4.92614784524,5.87069462523,2.95978460963,5.25659928021,0.901035181927
8.49795772589,3.48170850487,4.6321895563,2.90674012264,3.81507124409,1.434674544
22.1450857843,0.711337057167,5.16359302448,0.767229614392,5.05950004983,3.02497328224
18.2308754348,1.12749359101,2.85686119099,4.55747950654,1.9971533234,5.88042320661
20.9142114407,0.315047840191,5.43684956767,1.94736652056,1.70630609307,2.0297403821
10.43652751,5.3509737655,1.7314998783,2.8827424833,3.87335171829,4.06681884417
15.6441497319,2.32728925644,1.12075996365,2.58191051889,0.567664724064,3.49464851807
5.97963991906,4.22174713739,2.56880748074,2.3673409917,1.93231393915,2.93817582245
12.4525261959,1.43533527004,3.0375214812,4.72173649234,3.6516680131,0.765311464474
8.7419194776,4.33055729059,2.55473888811,4.56666107135,3.04306684912,3.12392564455
13.7263237781,2.98717092224,0.838371078674,1.55734848916,2.31587585952,5.53326268079
12.6998766778,2.893745514,2.95846634423,2.91991268295,0.815663260956,5.72736761487
22.2143006337,5.55033809712,4.22145066627,0.794717519111,3.22833192024,5.85759386111
15.2388332927,3.43032892125,2.33520201214,1.16716312349,0.281446415408,3.69672524484
15.5116977637,4.47025737955,2.25209540906,4.73781558439,1.06557249157,1.61406325156
28.3432392472,1.34430940083,0.28687734395,6.0439739594,5.47428805771,1.6987619244
7.45281059884,2.47673316827,3.48823642967,1.02772158892,4.11480059709,1.40052028981
14.2294057074,2.64819276218,4.10565959578,3.48868568904,5.99093106352,4.38124028331
22.5899614605,3.55490271025,6.00889517723,2.0740111568,0.975946510054,0.22400233237
13.7288063667,2.18163633518,0.241755399274,3.32465870142,1.9046893121,4.61099010615
8.27414184324,3.95352087305,4.90176752006,4.3122283104,1.70838376868,2.80196337586
23.0189953323,0.657639782615,0.896965003831,5.89826972548,1.54849014472,3.49192376459
22.6288971078,1.37119714508,4.87926568694,4.1715582451,0.24260807532,4.93335378818
11.2816776086,4.69653711373,3.87676659675,1.1930491803,4.31721450735,4.02055663259
11.7529975376,4.1832911774,5.297214964,4.45603314925,3.79061476222,2.03592395034
23.1130915213,3.56570755979,0.346877749524,0.734576266484,5.73327125284,1.7648052604
16.2441474701,6.0038844611,0.530698839723,3.25751141045,3.10979549619,3.7555089523
20.611427324,4.08546347564,2.43780380171,0.253033052734,3.94011577194,5.97873270247
9.88478976478,4.31380604513,2.72280233826,1.25200326286,3.62385837333,4.62838531183
24.3700604356,5.9041313928,0.331406502467,1.397973212,2.82036625027,0.846534813223
10.4256405597,4.53093318732,4.35092789932,3.600293773,3.71576232708,0.883594218225
17.1632842678,4.85853516605,1.04029166068,5.25397778182,1.29779242884,2.1506838052
18.0818455191,5.85635974477,3.00596789212,2.04536323437,4.61210837594,5.1134161695
12.7869364738,3.86886747695,1.45118949179,5.18523006458,1.52465439314,4.2028642276
10.2589207007,3.00475069612,4.23752758115,2.36703480483,1.23849635313,1.7981852419
14.2981662082,3.40931740693,4.64836951353,3.5971870084,5.04439238941,5.21588344284
20.4477876482,2.70702743449,1.8252108805,5.95557060803,4.14521217279,5.17589985764
16.9907281262,5.0100137333,6.01375337496,1.44490132159,3.16599853848,2.86983040183
10.7082907047,2.3929294082,1.70268494838,4.40007196029,2.84491849074,0.784585009948
22.4255153348,1.68983358265,4.24012510058,2.80156610513,0.456322115342,6.0280989769
14.9481274208,4.00783022715,2.56704014881,4.65485388511,2.59602149,5.96868663582
25.5108047042,2.9004013525,3.89144457289,5.92149784597,5.76381491133,5.42381621208
14.0962793927,2.66427559191,0.569225749989,5.01625602121,1.56623354698,2.37869739263
22.6574023933,5.75725277573,4.82885599327,4.41106267952,5.62562587795,3.05592206563
22.4268272252,5.79911502311,1.93621856266,5.2767802843,0.717305788284,2.4449740584
14.3683052866,3.76658205219,1.73969181955,5.08095017617,1.75081536012,0.581867542618
19.2869682502,2.04773233812,0.649829326057,1.01367698753,0.703224403087,2.66386187835
15.5370000867,1.353821912,5.81883625058,3.32193833673,4.611258631,3.15504623581
11.8967395524,1.4410780408,2.74430024349,3.91301364378,1.75124802263,0.77301618584
7.59453770319,3.02907029065,3.59352173128,2.24625319353,2.66839684297,4.73401016289
10.1907921698,4.79949380738,2.92443599958,4.70848792914,3.26658802716,2.70726505104
22.569808493,5.84961120724,5.65069035363,3.4839136112,1.56764841119,1.25037339408
11.7918465849,4.40126815846,5.21543938855,3.90641903317,1.03774204347,3.55409585598
14.009281816,2.56385084169,2.80032225511,0.465877622024,4.33754445452,1.54466405937
12.614782538,0.65525783291,2.83509696669,2.79672575238,4.40368345518,4.94547749354
13.5614951103,3.55205211402,4.35002322996,5.74848530603,4.08053337062,1.5989257022
12.6653600182,5.56486659945,3.64451610711,4.16169344966,3.74754673786,1.36192805674
9.9460134729,4.14815264832,1.25615881456,4.20193578972,3.62922377829,4.18715081869
9.52861018874,1.49006972647,4.35880398801,4.86354034036,3.1332472911,3.22992100432
15.1187074936,5.93325759558,3.9202150879,3.50035179405,4.37355899639,1.42362945617
14.6361215437,2.69777420334,2.79516194524,4.62156588794,0.204300303043,4.43138858735
25.1952814337,0.0947291179179,4.56584789196,1.60434786735,2.01934943648,5.92689733422
12.669761266,1.17609461177,3.27797275777,5.06963567884,1.27722998941,3.73792131123
8.25240714087,2.33218305428,3.51819129449,3.65460359289,2.25188858436,0.665532030846
6.53021332862,3.14536727242,1.86817179889,4.13437538956,1.47863364942,3.08562521354
22.8405695263,4.37423958307,0.0739463665841,4.9127967763,1.39811486205,0.987593153739
12.4795505789,4.62134240521,2.2496992581,1.04639484086,1.19950420612,1.52136790356
7.15718324845,2.39278750431,3.68085701212,3.06166986378,3.88099616535,1.15071246055
7.94945925809,1.30298404627,2.59486809019,1.46494453304,4.37294726306,2.880700324
16.0202494504,0.655077063753,2.38314006837,1.58522923141,2.14114907177,1.01689717904
14.424348738,4.64990861802,5.14989916855,2.55147960678,1.45792643978,3.10346302501
20.546065421,0.76549656039,2.15709683827,4.3320896501,5.60878114207,4.59062774652
11.4677253572,5.22384634435,2.02205092834,1.01057555628,3.44365262171,3.22500469752
15.0848498143,2.58501644831,0.575720125885,5.36460573417,2.17063210336,2.71367594348
21.2001533007,2.03127762117,4.57207672533,5.54338487624,4.14031123366,0.429766800369
35.6302516211,2.21507514769,5.98009868047,0.235879730789,0.274040741393,5.85549837485
27.0424638679,0.278475539204,3.71180909958,5.21362191314,1.0274913406,0.0836057356104
19.1042106907,5.677034565,1.02965653048,1.95653294585,4.95355273313,1.72378885007
15.2860835847,4.20174587609,5.0490690879,5.07534544403,2.06680035198,1.11951836469
17.3640700187,2.14053883523,0.703082834698,1.28891819963,0.760533215741,2.25268323924
16.5282698342,5.44351208757,0.719660413123,4.54358119976,2.40490647646,1.52490221477
10.2321664365,0.698496242966,2.37987815064,2.77087748347,0.834606731988,3.4337829126
11.2388755257,3.04381672393,4.30743814514,2.2177143889,2.44614248226,0.448954952403
13.4293096511,4.23626532977,3.96407067677,0.429025606113,2.16560497152,4.70320579938
10.7906611234,2.60756416182,1.52780289392,2.81919492187,1.11354739976,4.52646503537
20.8674733281,0.920664053881,3.51921063873,0.0764004375058,3.17741916683,5.82812166617
16.5753509534,4.71373961725,5.67330049213,2.99926321804,1.73351961741,4.69839726821
12.3949694132,2.60611504522,5.77097923063,3.18707646524,3.70741060435,1.49708785458
15.4536474039,2.3077730962,4.43394293434,4.15308407616,4.56264224001,0.407707763638
23.9973677115,0.391536285522,0.819302216718,5.20527412704,4.79570522573,0.948404360285
19.0784577448,4.32564772108,1.84007979796,4.42346447288,5.24961219809,5.52573629605
10.6142932228,4.48966843362,3.99055974627,4.61833288953,3.68982794674,3.02423422724
15.4081458483,3.34582823026,3.22881160671,5.98373032743,3.46356740455,5.1928338586
10.3396405446,4.41626605628,3.1551777582,5.64119443702,4.07983837349,2.71607469826
15.1146374011,4.56048785526,2.75955389326,3.62513614858,5.31101926726,5.00922708523
16.8113106626,4.44991576431,5.78806736155,4.41241583816,3.8661114656,3.82833614974
23.5133373191,0.238033785186,5.11184815478,3.15158346667,1.43726090107,5.83188935236
26.6113595265,5.34428245349,0.35736716288,4.80730311943,0.542723325805,1.67305033499
22.655758182,4.44153912236,4.06723955374,5.83464459303,3.83457311589,5.4921272863
22.7212573727,0.837813160255,3.05701210366,0.491464612594,0.090468215927,3.40714853487
16.1288513633,5.15360307994,1.09870933688,2.17602964545,3.89820439302,0.786316905808
37.7919724781,5.84155923046,0.377538209743,5.46862466068,5.14411878351,6.04745862619
6.5403437151,2.23571362384,2.05227658379,1.45159551931,3.04656016885,3.81108613465
19.0449548676,5.68444063474,3.66122240733,1.81296262274,1.4706841348,4.91235823804
10.2563237474,5.06504161114,4.32035029026,4.27022112689,3.64037861385,3.14195638281
21.4092057205,2.19799361814,0.16291483089,2.04350753179,1.45433273231,5.30466984092
17.5361200615,0.239172393972,0.371458683374,3.97652943698,3.14729008878,2.22870267909
22.0295305804,4.15614011027,2.95042621635,6.04335096637,0.149278363261,3.88852545333
12.3067704796,3.48199383203,5.25400612611,0.866469176012,4.46700970487,2.41076837307
15.1464295078,4.87230554898,3.80805777375,3.90075655885,0.375389080232,3.0064613224
9.9008224489,1.72958615074,1.87419896581,2.95578662904,1.74768666247,4.98280977979
26.5603505314,2.14317522457,0.508030990435,4.79226762834,0.839253271007,0.0980442513088
11.3313541771,0.886887503929,4.71429561068,1.83310096982,3.10313543373,4.5099383593
13.1585785138,3.70393722315,3.23201147342,5.26806281458,1.00427526235,2.84291760986
31.8731697204,0.100935685566,5.65041922695,3.4686856105,0.128709783282,0.899408423519
16.1687455272,4.47202900282,0.56904605599,4.28503675428,5.38967435623,2.69816774528
11.2489477695,1.5617323007,1.5445765641,4.47124014798,3.33284770656,4.10459005719
8.29532454513,3.914214014,2.91301783215,1.22716349627,4.33878582575,3.41782586566
18.7167812823,3.63644534604,4.31758799779,2.73675685683,5.77175449676,5.42559448943
13.0590572619,0.900090207083,4.66291541138,2.76056727052,3.66842007678,4.8527348693
19.5344799584,3.0584342879,5.76698343254,1.53348369802,3.42861246954,5.75039611882
24.0292302305,0.812355059663,5.88326122691,2.76532181559,5.66865493708,4.48040488175
11.3528258534,1.21002040088,3.25122131702,0.815890305242,3.51142089537,2.54831367741
14.7623835851,4.93866921337,1.37684142288,5.2297789766,3.27991356476,2.27395288984
20.5971702354,0.207967956463,3.52867698982,2.75221455004,5.90236130543,1.78356282782
10.5901871259,4.18653407717,3.53978243671,4.88086233944,3.96189488603,4.81555084192
16.1644500701,2.24710943666,4.23950570095,3.24035663971,5.35975177858,5.78234618002
13.9741832674,0.974792179798,2.07146711732,1.06116418437,3.52716101628,1.10009925293
24.7003344109,2.8555340252,0.153657365448,5.6062683011,0.300621088711,3.1252091068
18.166327419,1.6905588914,5.38053755881,1.09751805922,1.0249803406,3.61058160869
5.2663842209,1.32741789689,2.32831899453,3.25538476305,3.27609772238,2.86281424515
16.9384001736,1.60211474669,3.1146726716,5.55605070272,4.22201314217,0.660599035168
18.6949373232,3.49256626952,5.92476116388,2.43023060263,0.923330073327,0.905871465419
12.0976420176,2.69153711425,4.6272067118,5.00090437362,3.13532718722,1.53628981463
7.46413812626,4.29584339192,2.99395645421,3.48694355866,4.55943260769,3.34384479092
21.8686769356,5.59446714399,4.79850794595,1.5451362723,4.82196414846,5.1306851687
10.8681697737,2.62847770121,3.58102421927,3.01175667841,5.77492422403,3.09290895786
7.49076763402,5.00075679314,3.75670467009,4.53939663833,4.09192323984,2.76361106445
19.0532239912,4.42419041614,0.547980452803,3.83216982982,0.478108297476,1.74464765968
13.5757994747,3.85413698779,3.14951267365,5.24758190241,0.392114892542,2.95397501232
11.8497837807,1.11502834663,2.45549510987,4.31913930108,5.14085095524,2.4904665538
30.9468493313,0.196642655504,1.98766315476,0.524838995832,5.83067490441,5.76943135632
16.688010223,1.8184273757,5.4901162248,2.41711828829,2.38497240279,0.648489372948
9.85083862875,2.81688147411,1.97123389799,2.23479239255,5.30454608307,2.89642948639
20.9500549462,4.34129432573,0.578478022195,1.46580125803,5.32233384785,4.24806160338
17.1760054544,0.251733721606,2.32957606232,2.15526658577,3.29223429975,5.16309082708
8.39816928523,4.1690511813,3.08539002669,4.1441422561,1.94410288665,4.06140646606
14.5694048763,1.95067390535,4.42697785753,4.19237102156,1.89517995765,5.39492772237
23.0430512454,4.51894842646,2.30351763115,0.727237515305,0.530368190133,5.62179437235
7.91477342213,2.74786149239,1.28102642428,2.55213291591,1.35948320409,2.97234089883
17.8555765684,5.71419391353,2.35470812103,5.22757037329,1.59420424605,1.92161349217
10.6768921701,1.21246137794,2.97483491279,2.64182109422,2.69417702016,5.3725053363
7.65480325601,0.772754340413,3.15135491029,2.71566571442,3.85029392033,3.66011169641
13.2673450994,2.26163069841,0.531896805573,2.71706704895,1.31323249886,3.97244141155
10.4520434107,3.12855670452,1.47275786182,2.10197173851,4.35126030032,4.88706562231
17.6929791566,4.71601343162,4.13212011806,2.57079526324,0.709069424626,5.26240829563
11.0406428282,3.40780638773,5.42661145189,4.3748342332,2.99489632132,4.58710124185
14.9697105258,5.60153040748,1.08919770268,3.4774268717,4.74650257639,3.15771043815
17.8563935929,3.79333182042,0.134969988257,1.80383973943,4.06707738226,5.12637695574
18.5234739469,5.81526176265,0.192356442172,3.91517794966,4.17108308904,2.38714662017
16.3792641077,0.64518531795,4.00056190853,3.96054855962,0.704119255946,1.34687187664
23.276095564,0.906904424029,4.21343176786,0.662000312762,3.76922459676,6.03733918501
21.6533875978,0.24716126791,2.60379536239,5.17592799575,2.4290934926,0.0700227450494
16.7866511835,1.36707989474,4.94722997245,5.06259977245,4.37466608527,4.61020983375
14.0560361119,1.92978100481,0.219162417365,1.14128011962,2.94159280963,2.96835297294
21.8852463125,1.39803595258,0.569201525891,1.50757157564,0.370388448462,4.8271395596
16.1068680221,4.93843439624,2.26732947059,4.04099581979,6.03756766133,3.5596673973
7.09624519823,3.01062452539,3.09639660169,0.949632089872,3.23697608436,1.8160246047
23.9771654346,3.21955526648,5.68554891948,5.36140297458,0.824996421989,5.44859493918
18.7027687844,4.28491306994,1.34987030175,3.70557992649,2.16103656363,6.03520345109
17.1916677108,4.5344789238,2.83427664569,0.302212682627,5.45590176773,1.95227154128
19.5355522237,5.16639786999,4.98377576768,0.491013353991,1.34685781977,3.97186710454
16.6224688399,2.82253751716,1.59843110719,1.03817076682,0.0888060740026,4.32256350483
22.357264709,4.38884720025,0.479399242882,3.29383066632,5.41678258598,0.322438806743
19.0671387221,0.832734627379,4.4636541775,0.936816086029,4.72641869273,5.21020938765
17.0335390188,3.74407205595,0.976056410222,2.1892051029,0.455098806377,1.67602043156
16.8635939405,1.27027957489,4.75237400099,5.69052004854,4.54127228916,2.78561793909
16.4604781532,1.17309670713,5.27826035953,1.01679351713,2.63597713107,4.02578175194
15.9323780511,2.84912105395,4.71932780844,5.51939645494,4.70621743577,0.89714805259
20.1800023999,5.31026644645,4.98786981069,0.0543185563011,2.34127909588,3.97499549834
17.4723926777,0.983476770254,4.07123334563,4.85087554967,4.37177527475,5.20144221252
24.0438646687,3.04180899955,0.582527032042,0.882302896253,6.01503288937,4.31140578779
10.4010142396,4.56450109333,1.90210457271,4.51141446165,3.88274811752,1.16595865636
27.2874210157,5.73725354959,1.28765664574,0.378159882853,1.43793525841,5.19633919229
19.4148881178,0.321622610387,0.496635158339,3.12868583468,2.95803143647,0.787189173228
26.9435471188,5.77200172652,0.65119931062,4.07843769927,0.477762250892,0.298385047385
8.82185556253,3.10615512448,2.46651974432,2.16048586678,5.21343481256,2.34532446725
16.831508717,5.87413063902,4.1288577825,2.50705755657,1.30027139859,4.55585176943
22.0546227461,1.2516788306,4.87322292526,1.16561050374,5.7563868213,1.68822471238
17.2091024847,5.64164195633,4.22369590689,3.58243786475,2.76437278273,0.0608855436502
25.5549736631,5.93601791147,5.00509207279,2.23387382175,0.89805469877,5.44163004945
18.061958859,0.689416542097,2.69608954127,5.5327835538,4.63997525675,3.36165451043
24.7191310581,1.27701195103,0.344575507058,0.885398890749,5.10184975828,4.96313671305
21.2884583147,5.76476801502,1.8435161463,4.27794081162,0.746436789763,5.12669508263
11.9891023454,3.76522358675,0.778835858234,2.70535349291,5.03416874895,1.83503869512
29.1533838698,5.39488175882,5.45020389841,5.80983092412,0.864141542056,4.89702144145
16.258991546,0.599672814997,2.36896167956,0.373348451647,3.32340875776,1.20471049083
11.9126058908,4.69147698022,0.639453185072,2.685053127,3.49360456721,2.28962063157
20.3440839666,5.06839107547,4.04941223371,5.71780105141,1.08896252406,3.61077159073
18.0161090053,5.40701725927,3.43212035808,5.8300915132,2.42369365314,3.67113640148
24.9660535993,4.70334370046,5.81795780125,1.4323357747,4.74657098626,5.79475120986
11.66938919,2.80208828643,3.42205674331,4.48316073129,1.87934051301,4.93096835664
6.03900877848,3.45914291966,1.98033343707,4.44092316513,2.51774657598,4.44784167401
27.9744918281,5.09937080917,4.97140316462,2.27454080124,5.53370072644,5.97867897241
21.628714579,0.374011182495,3.41817113417,0.795002637498,4.47926990148,5.40691941958
8.04393718745,2.1334848637,4.10931316132,2.19027267651,3.81379541358,4.79181521386
16.6170449703,0.141313161444,1.3103781575,2.07785647509,4.41825984591,3.66568949578
25.6811270493,5.93654687957,2.29735537175,5.69507917968,3.17814444442,0.630297618117
20.3333538987,4.96911470015,5.76797866606,3.67656099809,0.911618725792,1.75106340056
16.4064896212,5.53383115396,2.27039590944,0.874418379498,2.93833309068,4.41561104454
10.9099005396,2.84622208799,5.61711290942,2.86490201579,2.56026463516,1.4632648282
14.0724313886,2.64843606823,0.49357491331,1.92730297107,2.36109041013,0.542613760513
15.2051475621,4.092570858,3.63899147188,5.30204694709,3.24335558432,5.61373331612
17.2578062956,2.04647383888,0.518922904302,0.916687097285,5.06417678477,2.5019322129
15.0924714804,2.64705461849,5.26518681448,2.59773516156,1.75117078308,0.598859573675
26.829999701,1.2119420851,0.708873879614,5.17482727796,5.52064646106,4.63504975265
13.3417476422,3.46137015634,4.29563686898,2.58929573744,1.13349200245,1.15250518303
