18.8457198477,0.655932391865,5.53056061401,1.69312854597,1.96624485116,0.996646613094
18.2441795915,1.99766027692,0.896320655054,4.23585431094,2.85085526882,0.12927509597
22.6608791127,6.04933314387,4.98798434701,4.72576414186,3.21959293528,1.14488971135
28.4076137223,0.447777051315,3.44715502492,1.85882894963,5.88290011685,0.258517914215
13.7259590734,4.78673683881,2.94277523237,1.61675020673,5.81884228944,1.26796959548
23.2470362152,5.81662773556,0.595426240632,2.25868685531,4.07793314559,5.20151055155
13.0150118154,2.94510455059,2.59711747927,2.52222459576,0.160619601894,4.55527734389
26.8909882069,1.25875444801,5.1650560515,5.46470713377,0.423294756364,0.186947970556
12.5124338363,5.03542589354,3.83138046496,3.29770755831,5.82031408532,3.27702200332
10.4330017584,1.97641303992,2.66501953556,1.84058997406,4.21865729843,0.465426351001
13.4490241572,5.85990371381,1.57675438673,2.26272446551,0.951804222825,3.37691445605
7.11768564003,3.10396039526,4.18148616714,3.67938483281,3.72495645063,4.63800940435
17.5777291456,1.30610115233,2.47350465403,0.152191607355,5.49383046106,2.44264534225
29.9277512517,6.01926687975,1.88043907297,5.90184212089,4.50957025195,1.30348644608
9.15968019816,2.20717168658,0.73472726906,2.12392362381,1.25786725351,2.05782633608
12.0699406863,2.86908464148,1.04047826214,4.72518235597,2.10478118303,1.3615095506
17.9260746267,4.53445168057,0.157715960165,3.37087965485,4.11990586723,1.18163022929
22.6569539524,4.80066301505,3.09676609785,5.82598044077,0.547696077618,2.1399914268
26.0978017476,0.904290867978,0.176287054394,5.01871385527,1.29716791858,0.601189032159
8.82090236555,5.02127724123,2.36683538494,0.470825919275,3.49338980482,4.02131034809
5.41307650495,3.84239590024,1.16270569845,3.42743758682,1.80862198746,4.72135917974
18.8215556944,1.05499734062,5.3362373736,3.6306163742,2.74303231843,0.484785110972
22.1234937012,5.29161603023,3.95415070114,5.20582709859,0.706247501094,4.05130533873
31.127374639,0.404933565888,0.121001355073,1.01342692743,1.06466877262,0.558946771442
10.3026472157,4.08335770437,4.71027977919,3.14981832553,3.9535741441,1.30897089637
32.2541988195,6.01830304819,0.96283084094,5.57934092672,5.96541133503,2.90429501661
25.9747943101,0.628693507213,3.82953376335,5.39943289523,0.190076501989,0.297437400444
19.3117477407,1.56145287423,5.76521942144,0.204114888231,2.33333691347,1.23442442388
14.5001225422,6.04748115683,2.97599020626,3.46259164176,3.55871877102,1.58195701641
12.25882628,1.54998705111,3.48354506491,4.77323482733,3.10439198727,3.76382585287
8.68987495358,3.5459110313,0.517328767182,2.45236377675,2.28172299511,1.66094815958
9.87472840409,4.37580776493,3.70368221179,5.12247933784,3.25216318057,2.29910061819
13.2886415443,1.91936235058,0.14932463161,4.234750102,3.95293404278,3.72416566553
18.8593873259,0.621973540536,4.51966124286,2.25713851897,4.24783157888,5.33447902698
11.5005472532,1.72927336788,4.71761224057,1.82082073868,1.80902875227,4.52795384852
21.9834604628,5.36214912048,5.34975871696,4.73887434838,5.32610757862,2.81093568858
32.2915987333,1.64534428438,5.70625472453,0.409038156142,5.9671997002,1.67173537952
21.536778877,1.81763085303,3.86803396511,0.285720216985,4.94005591877,0.757120864563
21.7625524223,4.72792689524,0.345904392293,5.44036557072,4.8220436376,3.9945386817
15.7798545456,1.07000408216,3.26706490893,1.07160111816,1.45412144222,1.00743146743
19.2232722963,0.303812848033,4.68288799044,1.23398859852,2.68126931724,2.32779035772
22.7499467419,6.02890539623,1.26166800616,5.87421929222,3.57006222533,3.34370919171
25.1075838169,0.549540239575,1.79185511621,1.27211029642,5.67664110194,4.31403993664
6.34327081198,4.50466153911,4.05173650565,3.08832539059,4.5948640081,2.54916379564
10.9689532102,1.2916461024,1.67444403604,3.32849853049,2.34142464834,1.53687148028
11.9703792615,2.46848709522,5.53652848748,2.6187431367,4.65667836653,4.95956927651
0.976695447585,2.83681470442,2.20201630552,3.40478570587,1.90870521057,3.9063433014
16.6019789234,3.4875837401,1.20540460552,5.62502412512,1.18832230154,3.73448524165
5.17599315619,1.75563781944,1.91859582684,4.39679930766,2.3307552204,3.26683708557
15.5683247607,0.846132431181,2.76972605393,1.56974518643,4.31739677333,2.24535801348
28.8665045426,0.373630246187,1.17822653545,0.509675569073,5.79603047116,4.96919794628
11.5067022621,4.97795466049,4.68815230211,1.11097667848,2.85084913078,3.0436581566
19.175856363,5.6427468939,2.26077549095,2.75209988296,3.72371792176,0.552179894226
23.767492716,0.239685600739,1.34665502368,0.807003367978,5.41329932061,3.26611883738
35.2005095455,0.225887111955,0.236078434888,1.72796112597,0.321895167301,5.93684451624
11.6491414411,1.3683411245,4.31526069838,1.47668600682,0.646456776876,3.30454139185
19.704849183,3.24388104615,3.75061512056,5.47847812364,2.48616394971,6.00898000508
15.51230012,5.26620564457,1.71489417763,5.35780955396,4.10991247348,2.3408246819
14.1800245847,1.35771138319,5.0755662378,4.06747186399,2.78417666642,5.23662171298
12.2379989259,2.3380191494,0.585742325714,1.69253702871,1.34352023931,2.55121670768
15.2074148824,2.14727323631,0.705856605204,2.02699077654,5.9965350905,4.18391329626
17.4676318277,0.893483512902,5.99521202871,3.94949103783,2.23262326234,2.51713988999
16.4059087347,1.85814013647,4.48126049094,5.83228758149,1.60745210182,3.78498803095
21.938327928,4.58571018954,2.90299778708,1.41743976853,4.81918819964,5.99026995363
15.6936717371,3.88034762918,0.0778810345695,4.25492523451,1.88358040135,3.36152399718
28.5838535575,4.4205264025,0.346749353224,0.122591516825,4.41286814314,4.50735196025
17.6470382294,0.586997115269,4.27027397194,1.17059550213,4.54798279026,4.31654433555
16.5715358159,4.83914726024,5.12921468711,1.98319511473,3.30667206528,2.95769871808
26.3097165251,1.22873052498,4.76653810507,0.990908674719,4.9978301972,5.7075216935
14.6970363894,4.17763795396,0.946765038662,0.66472524618,2.07149399754,1.41159349002
2.21935963918,1.73304468041,3.72666771718,2.29455575542,2.62867635921,3.48732804707
17.8026973206,5.73526018284,2.23595792163,3.97027423052,3.70285005357,1.94595062289
14.8411360128,0.530662782794,4.15545400188,3.05722787498,5.31855390477,3.16268065406
8.43869987369,4.51012331089,4.354147606,5.06025488564,2.44337406784,2.24511041365
5.78779870497,2.95578426144,4.09738031563,3.39622895294,3.66616382267,5.11702369437
7.72803898021,1.61602677017,4.80067674934,3.1509952166,2.36281379963,2.5807436825
16.2308179417,5.68438255258,4.09205896541,2.67875575514,3.84892565133,1.15102739815
16.7362863799,1.6342821602,3.05130925331,3.86409709981,4.26978334594,0.366957579331
14.3306155049,1.38325163293,1.39535570244,4.55960944364,2.55713044063,1.84040719876
21.522886959,5.43147629312,3.71539276023,5.63571670505,3.59310717951,0.62028523736
12.3077090476,3.33438875008,5.47269784682,2.30359036077,2.50449993046,4.63023187654
19.3294315721,2.58560787323,0.452110466731,1.20572412299,5.29373414271,2.46730561328
12.6260797058,3.43480817813,3.6445196312,3.00223690727,4.08802566757,5.60962333947
20.4032990272,4.5985366384,5.94033434259,0.922840287344,1.42128188631,2.81837940386
21.0185050728,3.93890204118,5.85408633652,1.29743655583,2.98691748668,0.236880075174
6.60865535966,3.01772744663,2.93629654728,2.96884780023,4.2226045805,3.07080138179
26.4324404694,0.631390891049,5.40832208426,0.191691125037,1.94505803876,0.939858279047
6.83708664624,1.94382915559,4.53080737518,4.13860955294,2.35873323505,1.89974211071
22.4338530116,0.470053168126,4.79776466044,4.21099284032,5.57095609017,5.61125734842
8.96846361694,1.82800575287,4.45204929873,5.08955033046,4.37589991888,1.66853310322
16.310379169,5.81155245854,2.26822356396,4.1871491096,4.60145505129,5.59455556758
24.0272042648,2.70059035735,4.22814323054,6.04928709925,0.813633747505,0.663059284319
16.5011660762,2.44956533335,4.7742339036,2.36076284631,5.58320508186,4.65318493306
25.4952243078,2.66424427595,0.13141532289,2.17167288441,5.78448872023,5.37439173689
20.5195166752,3.14687550244,4.87424666257,5.81377754243,4.94774919795,1.21202376259
18.9770612908,0.310261109766,3.43288929939,0.516738893038,4.28692488741,3.06086595161
12.5396407389,2.03352958565,1.65579977244,5.76581067231,4.30551037688,1.88043342725
11.9441377987,0.761318931304,3.21240404947,2.57907072735,1.17839874848,2.26234496142
22.6685532925,0.524282374464,0.408437827897,4.4553030701,1.83488162166,0.895622377228
14.1993011884,0.959978576919,3.88520462789,3.10481084393,2.82568358312,5.79478979779
18.3995175299,4.1183272125,5.34056190857,2.24934459464,5.06767996887,5.76868382969
19.4173207328,3.35052168859,0.966040196576,5.62160146119,5.27011894349,3.16717292196
12.4702129486,4.98862373713,2.40774615756,0.133904929005,2.79604419649,3.25483962584
5.83811908328,4.55927897057,3.93504702154,3.0917662582,2.74320439169,3.44168780239
16.9897046461,2.89690550699,5.1080964165,1.75431506115,1.42773465898,0.29920936287
29.736352874,4.08376317983,3.37680395916,5.9191644749,6.02104708204,5.65804141325
26.6796505687,5.67638478923,4.89241295253,5.1783862107,5.87285578738,4.43421819828
21.9451559644,1.68733046393,3.03551390831,1.16150729887,5.93614192936,5.77721684187
32.292165448,4.81839611324,5.66537275215,0.556639454931,5.68758658071,5.85963975421
11.83650718,5.87126524972,3.07044814015,4.87453610572,2.85364041975,3.81487622833
9.75254584884,0.537357346137,1.18071705908,2.01952959534,1.88563098685,2.33348754736
18.7941631015,4.59810842244,4.89969964099,4.34303318188,5.44604174353,3.30031285132
15.6913077535,2.3039092476,0.970819906212,2.67621225014,1.46641705904,0.808473638851
13.4028924602,3.08941762902,5.00555833812,2.3311042993,1.06058566646,1.91644085968
17.2064751504,2.50980851064,3.46491126353,5.69800181502,5.75491374582,2.5517442595
11.7365038201,4.38228891266,3.58357434586,2.2665659335,5.07372540159,3.86977034459
15.971162122,4.11282889348,2.96191316029,5.28172519123,3.23137433122,6.00014794801
15.1621867916,5.52093096054,4.28270249257,2.9043961399,1.84956266845,3.97343299177
15.7943208215,5.22073520694,1.55057252689,0.702868830861,2.27717209186,4.39638444782
22.7664779558,3.75500604116,5.38191394872,2.87342642089,4.81294282209,5.77080747629
27.2660077878,0.822955460722,1.23644755509,5.02964845984,5.97013799556,1.57270230247
17.7900797393,2.27353046492,1.7264235172,5.47185018185,4.92886377264,4.79867035176
6.6117288298,4.42299451517,2.73090308979,1.12825979272,3.68454466269,4.62378735381
20.7463483259,0.273668732944,4.68036143006,0.608123702654,2.56656686246,2.23779161484
15.1827797762,4.27820439932,3.72850911901,5.32078078331,5.11392377078,4.30602648254
16.6318166938,0.979239387252,4.84219955027,0.72603518439,2.33108479345,4.56453949742
12.9770736561,2.12264295722,1.13836390426,2.58492391229,5.76488859613,3.17318808441
18.8727381504,2.08041079165,4.72347830688,4.12031275008,5.98507578928,4.96927591986
20.3216790962,4.07258142436,4.80236949032,0.482608117285,5.82460554686,3.27232795923
15.1803592576,0.338446750527,2.59171978009,4.61144689734,5.1596927996,4.80790605616
10.5127436132,3.80462163541,4.51051116351,3.78531222737,5.50149839217,2.77262869541
4.31298671714,3.56776716068,1.80136544159,2.5988865246,2.38003954365,3.33063578116
33.0097648728,5.959037972,1.42735655907,0.531590725692,0.22185658406,5.87132768515
16.0911586623,3.94500179841,4.9695062485,4.91880479123,1.28741528196,5.46617731233
17.9766003862,0.692676821152,0.871670542113,1.09200398166,1.3210354876,1.91791622166
20.4785121623,5.02803215836,3.32363905382,5.38653401865,5.33386162447,3.361463131
18.0255456249,0.0584287656934,2.76426039815,5.5697995361,3.9631475092,4.10476885956
21.7482976996,0.146531051811,0.717142021367,4.06678567183,3.02437667557,5.4487758065
9.99155596739,3.16423071063,3.92511350064,2.37393475387,4.13470641845,1.06672357783
21.8427488634,0.531451995404,5.04446413787,1.27176171707,4.83795950906,1.01165620843
14.9512262624,0.866086037374,0.390856538921,4.77294140644,4.04210723848,3.12659293328
8.79819980512,2.01632924593,4.35704371602,4.53647421151,3.42129734964,3.60955442469
14.8208204158,1.61213569647,0.513325248735,4.88311890709,0.545032878772,2.53165058398
20.8025841911,5.63858581826,3.67377466282,3.86107276893,0.542112062037,4.68766388857
17.4413794054,5.05619238549,5.38966551048,4.27534930896,1.1346967237,4.73578687979
12.3093094411,5.44944650968,1.93025418368,3.31237786126,4.67344650419,1.91070383982
17.0969771215,4.97769669512,3.84118722792,1.57687614208,4.19549958819,1.01461290505
8.85386777813,1.94351571719,1.16441042039,1.4410956009,2.65756471398,3.18331310071
28.9413372901,0.442113596536,0.450834823469,0.0973476272281,4.66711924776,4.9007722266
19.2564999812,3.30669343595,5.04310355289,0.284706518371,2.98874684875,4.85258088623
27.2381312662,1.35983156347,5.42894912355,0.544789610391,0.251144512545,0.464018415822
17.836323069,0.233057170522,1.53305376609,0.301168005273,2.98162305942,3.35141395493
18.2127905863,4.78405867009,0.196619486659,2.23167959243,1.76329579469,2.00817384249
12.7852218315,3.67496097273,1.17215916613,4.7985003578,1.30366174122,3.38784795973
28.5512027749,4.92428705892,1.41193054737,0.143859029863,2.12495636014,5.90505331591
5.98940467693,2.17690560779,2.05800970939,3.44023254109,1.70671484014,4.89259389502
3.75170907298,3.43091650045,2.46774986239,3.74037233299,2.3404241208,4.02733793838
25.7368598687,1.8656926762,0.752502402544,2.89471326602,5.77234339936,5.7622256276
18.0896972367,5.63492963477,1.79594771001,1.47749954258,4.62720005493,1.43659798666
6.33709570362,3.21502016423,3.95800875705,1.59602365784,2.22917423569,4.02441460373
20.7465616279,4.73943397121,0.430603683316,2.2827101933,4.83949985209,4.51220781102
23.1076449998,4.7333396356,4.21690152096,0.373981123884,1.90422881337,0.468493601314
9.87667947586,5.06809462707,2.50950299036,1.75651547386,4.77979460918,3.50011712944
8.51841737587,2.7554576434,5.32706099779,2.52096230479,4.75264312913,4.05093184198
21.1293719797,4.40508389929,0.358055571896,5.33164785792,4.23903078287,1.05701453313
11.8973078647,3.01577685734,0.785264389809,5.44121076439,1.03014488103,2.45639945485
22.0409952904,1.15751687005,4.91140989469,3.11212571572,0.151005735109,5.19216813828
3.4713206331,3.72230194245,3.59703091259,2.07094452659,3.36119312582,1.88916641101
26.4756197772,0.209359134345,5.22560583719,2.32165197276,1.49159307084,0.506755849479
11.8517749886,0.580957983551,4.41568676645,3.80514117636,2.40457745855,2.24798703075
10.6707917933,2.01914575007,3.09328139667,0.165699069641,1.62586778885,2.03369509792
10.4165304137,1.32025403305,3.62722133712,4.94031290389,1.17707749858,0.947389418465
21.477219524,4.86261434042,0.594400340224,0.472708964085,1.61206610411,3.21337126338
25.3468629012,5.80932041493,1.33856416523,0.779696830534,0.325030466418,3.15567397504
5.72613067587,1.90360015263,3.68971671227,1.61086132346,2.66289056183,4.18474340175
15.1121598923,2.05616971489,1.80999233228,3.86919473613,2.74890936562,0.379760297063
13.9838583674,3.56831022836,0.255298679757,1.53463342936,1.02045744926,1.73086417873
20.2703931041,1.08204394202,5.87671110617,5.62706335428,3.00983671849,2.39577918118
29.1653838596,0.467084404436,0.978866366328,1.32872710214,0.209145303959,5.15555710957
8.11567539266,3.33034566974,2.09949976861,4.25777083449,3.35587903467,3.07308056362
11.7322804669,2.13827230273,2.73689721687,2.05523397001,3.22272999836,0.151575960008
8.70646300476,2.11526160483,3.35379852796,4.00183456308,3.72331346248,0.840790644
17.2061341751,5.76715587048,4.07689979953,0.920218444918,3.66565829096,4.49572964813
6.31738290746,3.1064988791,0.400944802999,2.80905563936,1.4203956788,2.67398807544
18.3409473413,1.29763270096,0.684792709119,1.74336575083,4.755596124,4.01269290661
11.9743794132,2.78286499441,1.55110598013,3.99833978232,2.8942772134,0.665015082452
23.6769086081,4.32387026328,5.72554304185,5.26622088296,1.64376846805,5.11985539787
14.0597971149,5.0499389055,4.01525195745,0.870973947837,3.83239021434,3.201503217
15.3840912598,4.91611392827,5.04798336374,1.78275724755,2.89516568849,1.52686874287
6.02146814217,2.97055617296,1.69881817203,4.41565512993,2.2321944468,2.23510659905
5.59949586013,3.64837192608,3.86375378232,3.00716868134,0.980696040426,1.12943938895
15.5033032664,1.45080359937,4.58886937642,5.56319479714,1.84499477216,1.2632535622
13.685342228,4.62224496969,2.13685962229,1.61013024331,2.37044010709,5.05752845391
14.7601852483,3.53651080675,2.386474437,1.17913323674,1.28734037133,1.23839746158
30.334549678,4.08197074659,0.135117755266,0.820160303074,5.94996057234,5.38967184426
13.4813846976,0.279868399974,1.98389400281,2.12087335382,2.4160984491,2.02078224082
16.2676504534,1.81714528146,2.94657106706,0.755833280537,3.27075724684,1.61700321996
19.0650583373,2.51089713958,5.22204809836,5.74958772974,1.20925317621,4.63787114575
27.8766697271,4.90412278778,5.98889593552,3.31492648331,1.29239875352,6.03387452596
26.4391554157,4.62782468615,3.93045202255,0.38675786512,5.89040498284,0.801389803407
8.32976292875,4.28536367624,4.61924325079,1.8501740098,2.47454665934,3.08423614736
13.3298921283,3.96640665539,5.85295679169,2.19271849005,2.48518068252,2.5631933911
20.8157483704,0.374786635452,0.0870860077744,1.85632522184,3.96270859074,4.67271137816
19.567170223,3.04328333523,3.8881696533,0.468410479676,0.526864233002,4.69214461665
21.9584979813,2.13318149232,6.00357820988,4.59151451585,2.36962763945,0.528724007062
16.900180491,1.18824578732,2.94598496274,0.522656046856,5.3184474753,3.01200100436
19.1275928197,5.54664302903,4.69883026326,0.941235790508,4.44964795299,2.1821488884
18.1321102806,2.76481585332,2.89470871049,5.73744151748,1.00187871849,4.62740855557
24.5487453929,0.64046336294,3.9174815323,5.52322299899,5.31124255679,4.55338922611
14.4924073274,2.11793446085,3.43568516045,0.493093852879,2.72226500574,5.50681689486
10.9171047718,1.73470283569,4.59262359452,4.21459954623,3.28414495042,2.56434132103
16.7851469977,4.28656742644,2.08451264676,5.87124898138,1.9767521741,4.73869089394
17.4837914254,2.29731421078,0.524853542114,0.491738878306,3.23803772071,4.58670881339
13.1309409165,3.15334467077,1.49478736224,3.94919710053,1.86818757889,0.910173584578
13.2775387522,4.80496414817,5.44946266968,3.30364397629,4.49985471149,4.48893816765
23.9275926096,3.94690536785,0.32064998542,5.15115333766,5.11088216638,3.00025692029
21.7110378352,1.25217077472,0.505731711307,4.62271087014,0.50518397234,0.927202556469
23.9625636279,3.36917413673,5.90129600825,0.627076791035,0.652753151346,4.74234258327
15.7762541619,3.12327438475,2.15298781216,2.56631714253,6.04143848317,5.35504555569
17.945666322,5.67722033724,3.08880721859,4.9735611418,4.21858780772,1.11158773892
16.1218720982,4.08631070285,4.73827927797,0.0663285152135,4.85431163812,3.70376948337
18.3735455532,3.00030036464,5.2539106702,1.25066144385,3.0696203542,0.100797920154
15.9089868591,0.888091980428,5.59239567008,4.09692361137,4.7546777832,3.37740935029
20.420550461,4.85050684599,3.02432804194,5.01469904233,5.34550264631,0.612993374416
16.4336272487,4.29045849624,2.45122505027,2.59064925483,0.0856105519978,5.0946775214
27.676166755,0.396392311758,5.65573173615,2.94165245926,3.95666278288,0.259312304773
9.3844078188,3.11585404191,2.33088225248,4.33326574371,1.54000521502,2.11380722979
27.5504726933,5.82162108571,0.47911774622,3.57558281446,5.66901813088,5.07320006457
2.32739777598,2.03260695912,3.38360485739,2.70197436459,2.47799431645,4.73092261132
14.9577026155,0.322446823947,3.4417939701,3.33516447844,0.508856498122,4.03517989398
25.7675662694,2.08729798838,5.39536002742,5.62983546326,3.21270897042,5.78098447864
15.7443289243,4.43134805588,5.14618468885,4.60098134282,2.68209202664,0.871073086202
13.6900553481,0.270508103577,3.33258553996,3.20957025832,5.04672681513,4.61961476763
10.7568403502,0.89494427515,2.86826063989,3.19511278382,2.32438533616,0.857224073457
7.55905744507,3.73877951927,1.65570572879,4.77930576511,1.87259910255,1.18461176604
8.11765967228,3.44666934225,1.25184643923,2.26157104977,1.74392039172,4.34725111639
15.3626423978,4.67028774354,4.33125410717,4.03821052419,0.726852526885,1.34710065699
21.1940156446,2.49729347278,0.396088159797,1.82187060633,0.668224097983,1.01809708906
18.63357468,1.49201102445,3.45949867221,1.26348080545,3.73770357041,5.55464252176
20.4719466306,4.0524510667,2.5486428399,5.40601798942,0.413709832331,4.6543802928
28.9920340746,1.03934996051,0.703851818691,0.484517055024,1.56125154643,0.30246766127
15.4689508531,0.436061059236,2.71765292762,1.3907138681,5.56403292288,4.12550830923
11.640045378,1.58888893666,0.685797999817,3.99179196582,2.63480450524,1.13305281677
20.536854175,0.70947390206,4.89084525693,4.98931510283,0.571444350163,3.67680431791
12.2435502664,2.28057430096,5.72368695659,3.12686810744,2.45242545742,3.83972638623
13.8335638696,4.03323322757,1.95347579253,1.82684729422,4.42410760388,4.77021274749
17.3529163094,2.78772807474,4.01141561744,4.62229196331,5.95572159461,4.83948700341
16.9863453726,0.96309670349,2.37072106125,0.755729654642,5.21226150622,2.1876440418
10.2776919292,5.51232867136,3.02230972489,2.7167551992,4.22993847936,3.26199497884
13.6254810023,1.190655519,1.19253903315,2.27874976248,4.01021450983,5.07448586895
17.6244878693,1.67762686533,4.49437445148,5.10869264805,1.97980140679,1.58698932832
21.6185149201,3.68951288305,0.495803654721,1.21768347422,4.81409575566,6.03459596009
19.1453589625,5.53774945841,1.15577268193,0.413299255361,2.87143727432,4.58286726901
23.9867564597,1.02783356429,5.20080714032,4.19331539694,4.97290995499,5.64812537477
20.4542194151,2.10225966889,1.23491406884,3.03480406523,5.6872381991,0.553488959882
18.3858409702,3.99263549266,2.57661714881,0.486494153816,4.63432954035,0.762882681172
14.8807975459,1.42116186979,5.17911897965,2.7399008635,3.20137687578,5.13029125691
6.91832523074,2.14491959445,2.3490699605,2.78087657651,2.54971126724,0.0695905937615
13.6262178182,0.863985133738,3.98984408517,5.07006921041,0.963752206578,3.62374270454
9.29901530097,2.47545492849,2.43262700522,4.6165901255,0.87465097403,1.6858534677
10.143583941,2.59097531426,1.71763764756,2.47627826141,5.10333303817,5.42127267699
30.4315584094,0.825278780921,5.76992319643,5.50914835237,5.95089241158,2.70365287781
26.8839940596,0.534918837296,3.62209295378,5.10228913306,0.854480676715,0.273875281381
18.944638748,0.325788341743,4.15298999593,5.90182886269,3.19196993302,2.41133830886
21.0965331626,0.882504269681,5.47477024767,4.0245064308,4.86671016651,4.66718449766
20.3934617109,0.207972968464,0.574646419185,3.51709379284,2.01147923793,0.962006961373
16.1646514189,4.69520215331,4.69795917606,1.12623506253,2.11653125553,0.618682006465
16.3791526181,1.4486747692,1.93431960515,5.44860039341,3.35001614079,4.7854496834
9.22229340258,1.69617110031,4.87154562888,1.36759052841,4.60248940657,2.63883339942
23.9826733743,4.67156152556,0.300793745346,3.65226000423,0.135796228259,4.71074570411
22.6956017129,0.787115215101,5.80629002386,4.25637273898,5.75590151548,3.85964905607
16.1923824733,3.26552361837,6.04356016391,3.65430377748,1.91670174527,0.765700676263
10.2767725168,4.71556688812,0.598509836629,3.30128335999,3.70623091467,3.89792554602
21.7731575728,0.670737699101,5.20929127508,3.16027189653,2.38818934476,6.01663036087
15.5736545091,4.16936576732,2.600396067,5.70494325999,0.66481608145,3.27433370332
18.0394800072,6.04425550784,2.50816378317,1.85708810484,5.59434858071,4.22931832384
17.7185943708,0.335585205797,3.22831196781,3.04692684506,5.03529925267,1.19957538127
17.6588332676,0.188750438968,1.46139246187,3.47362717553,1.04956162694,1.47777863713
14.824536218,0.492287065467,1.90408926776,3.89209900213,3.98926394138,2.03751979192
14.0217829472,5.13172370548,4.0906307197,5.5716267468,1.4879302552,4.02701196
19.6251391458,2.74388963933,0.847196995933,5.0200726054,1.8421424356,4.77883582217
8.99021858509,4.86771014729,3.6045181784,3.31752606829,3.56683413637,5.00039064196
21.0354304729,5.79301168908,4.38497422228,2.61879222866,5.5632235323,1.36453821727
8.07589992791,2.86990501782,2.57882022418,1.24090349234,1.91734593277,1.32075948762
19.4690891375,3.48780494091,0.824568809182,3.92666127582,3.88255084136,0.350532508297
10.8250240053,4.24977667775,2.53166418463,3.09321096128,5.67724403171,3.23402503623
9.80656179977,4.16975760569,3.05578265002,0.945829306612,4.26560378804,2.05558925885
19.201633284,2.32913501317,5.59135460927,1.49722867816,1.28664473792,4.44961258002
6.06571571994,3.50204347065,2.97651312024,0.641162331241,3.46085862507,3.61110730173
23.4530122738,3.4843808434,5.4753567175,5.64176306469,5.68695702888,4.12184083931
22.0603745292,2.33137074836,5.99960466609,1.27059703491,0.353915860765,2.10655710525
17.552859434,0.268054644544,2.20724690341,1.63251404224,1.19144196207,2.18942624735
8.66845382194,1.06875384228,2.46169177282,1.24996363497,2.81873905498,2.64150407049
25.9728560114,5.85205624094,0.532396900851,1.69307354998,3.50187612703,0.742085111326
21.1571032992,1.65395148681,5.76638040231,5.81111654055,1.63718761426,3.99580701322
20.8400908331,4.81823877861,2.93787163912,1.10574517328,5.96179430553,0.344035341452
17.7765033722,4.91643229435,5.53630725524,5.16679227317,3.67343677087,2.73818766111
22.1503837154,5.32827860409,0.991975655501,0.207492062936,0.171257181844,3.19777916727
22.4626798585,5.99824040935,0.443796020176,4.21452436784,3.31434068288,3.55709686567
10.769992949,3.75850327322,1.22146291225,4.66226914254,2.40293620471,4.3917566406
19.9390480094,5.74110868967,3.8510517024,2.58310816167,2.55249558746,0.765230741763
23.5505547084,0.0976875429141,1.82785821814,3.8578081479,4.94212085836,4.9386210203
6.00875601321,1.62061797997,4.63603668392,4.10994233997,2.22994286262,2.61939243174
19.4181401957,4.83117831723,1.26537974321,2.55016431665,0.350841207774,0.963740688083
23.9589455158,0.283902659642,5.50144445706,2.17822348763,5.60628014346,4.03095056115
11.0911023738,4.79210172944,2.88580894977,4.54771789978,3.26258470854,1.18087913804
8.78003321065,2.26356775469,1.77756830017,0.620180453221,1.99710841533,2.07554513682
13.5931726934,3.50217875632,1.09047946779,3.39435069542,0.738723958045,1.64838201299
16.3575133492,5.05394315542,1.57101265953,4.4701298281,1.3573852954,1.05806556541
22.7359768512,3.14509221832,3.89789500558,5.71540193264,0.129498535939,4.04901305986
28.0233297581,4.75688686682,4.10685809047,5.72973939047,5.36611954624,5.71545991409
19.9286119991,4.54131948951,3.80608106207,5.55620647622,0.401998734113,1.63581771911
30.7735540517,5.93559417995,4.30761982518,5.43655784416,0.45497917059,0.686835418358
22.5959648396,0.710287347403,0.318288985917,1.31295753298,2.35161695345,5.23810364066
11.4339850205,1.27195512661,1.01244197331,2.07528380355,4.59788656537,3.52377142974
4.06664859596,1.26285071887,2.240677648,3.12246329354,2.83062011168,3.38141716833
19.9625526792,1.31305365035,0.95371153311,2.74788570125,0.638593391876,1.13212396009
11.5191558694,3.32022294613,4.62406274777,2.4873558756,5.45036534707,4.45700765634
31.7988915071,0.216282343664,2.32274539119,1.00535770655,0.129712070111,0.334795229106
17.6594176694,2.67058359706,2.81182098353,0.284269074971,3.52581234884,0.0831788313436
18.7907145472,2.34105239888,4.83224229296,5.71297748541,1.14945888554,4.16143694425
23.4470925522,0.997626732742,3.14064571265,0.345988894856,0.202433337692,4.26945499813
7.43508514969,3.40148360895,4.41872453533,1.71494676965,4.19880088027,4.121215383
12.6234618199,1.48338231487,4.24884652921,4.91844785842,1.55728382526,3.23409075393
12.214533652,1.32500891434,1.52211589335,1.2819400832,3.36889109464,5.01407842854
15.8505752233,6.00299023546,3.54264146289,3.88946786577,1.99396035851,4.6370272413
14.3861815047,3.53939930398,3.27770072997,4.86231319674,6.0293274228,3.01603105189
20.9168394215,4.03314560159,0.106308013717,1.31321286556,3.5297235322,5.69784065898
4.39632790105,1.81574792661,3.62951048438,2.62456407703,4.02667328426,1.95939146704
15.7699925035,0.523552483024,2.29939629052,4.31036291781,3.48609889144,4.50605503188
12.4396467711,4.39967544587,3.00714054772,2.22252434249,5.87128028058,4.0384132909
9.16374386357,1.1015172783,2.10490585926,4.5267761413,3.92658611713,3.19071814864
12.9169921288,0.226994475125,5.0335134154,3.76550692757,3.21061309382,3.08665953978
16.6490243485,2.0761243456,5.37564478346,1.13569981907,0.412166440255,2.16158624222
19.7390381263,5.03717839709,2.03957595943,0.0521374644193,4.59044421553,1.95758556407
17.2025174285,1.44876685649,0.212205391318,2.4708785594,4.73341492958,1.37441413546
10.6644391821,2.05557269653,1.27445801931,4.47740578508,0.954109523692,1.60879678701
9.37983808862,5.13123308157,2.78010899087,1.23471367252,3.85949308771,3.26931475626
30.809651515,1.09039878674,0.365464605733,0.181701827857,4.34467323881,0.218328870533
18.6162186052,1.52064195744,1.42598525722,5.42257484126,3.40503544626,5.71357645741
15.462204627,0.491267439677,3.19693951173,0.56848311575,3.60026370223,3.03660271713
17.3762229203,3.87669922885,5.5586957179,3.83829065497,4.84499287978,5.12533013918
24.8988894905,5.8157938587,1.15752004897,5.82440239698,1.559032062,4.47509118076
19.3014365633,0.18097398482,3.41970224174,2.0515582058,0.143205434775,1.37345461779
11.4598978126,4.71946634112,1.69561268832,5.817180777,3.78815257592,2.49535519216
17.8057561244,0.404446784658,2.20559381895,2.75660024291,1.24231228244,1.43805096477
12.7984335601,6.04638610452,2.93953822421,1.96727916373,3.96372944162,3.29273024495
17.8738161451,4.75476288825,5.84746141161,3.85947927706,2.16707968312,3.73619889632
11.9226263218,5.22492713458,4.69082073216,3.42882058688,3.89137102945,4.10699360961
14.4835932968,3.81075063717,2.98340463322,1.17878418068,5.67085094879,4.78084225685
11.8883238804,3.71603028618,3.84564790095,5.84846171623,0.646809554257,3.74600965242
19.3541212648,4.68927906246,3.28270061393,4.7147449529,0.165759006961,2.97284221837
9.07137815677,3.27859465317,3.61292160659,2.63020475173,0.494377620368,2.65634478938
18.9184077504,3.37204828828,4.3340221576,1.05689922092,4.58852879283,5.17926783026
21.3462327234,0.336884984907,3.95434274399,5.95442652,0.666726604949,4.02511694962
22.4188532159,1.43046821633,4.3757639952,0.688705507541,6.03315407803,3.36139852216
28.4893945331,5.69230383226,4.76359097281,0.472772874462,0.551818469425,1.32928678701
16.6990693088,2.00949358376,1.36439609802,1.9119359839,5.99867305473,3.53178829413
14.1987245926,1.62914331584,1.63571313255,2.6277854186,0.176701877963,4.40024412014
29.5418890351,0.264367602258,1.0068123347,0.160980223777,5.96457962944,3.70175041393
22.3107633861,5.58002087666,5.24452528236,4.69107641868,3.70277634921,1.0974543142
11.0312627639,3.37641944065,4.09025832822,3.69468319391,1.01455993081,0.852075641076
9.03319410142,3.41550628357,1.56719186798,3.29806770445,5.49052140022,4.08762453625
9.54116155408,2.18050458843,3.10201799624,1.79794511398,0.796258901468,3.0108750143
24.291045696,5.09784739143,1.75348353636,0.928800471437,5.44964845687,4.88545493964
8.48732782873,3.55424024397,4.10429773544,2.79514344604,4.59041426334,3.94965443274
21.7265885814,2.27279188378,0.190904277577,1.67937391982,4.38993172118,5.75056808194
17.9996634027,1.74096568784,5.43055741243,0.839568692718,0.777703955502,4.32486342222
16.5754600522,0.678908493628,3.8746740057,5.48406610314,3.29856081318,1.53280920807
16.0473953085,0.750142814961,3.70917354506,4.76116147965,1.95512666374,4.72442330555
10.1434406905,3.30747782181,3.01286855178,3.99920525481,2.07050166776,0.185549030108
14.4317285366,1.06106311517,3.32738329826,1.01673643803,2.75000292214,3.89037354064
22.8532403066,3.98996578715,0.316862024943,1.46188912528,2.26528498471,0.105421752085
22.7064304493,5.61932283231,4.03993527668,0.551257346997,5.34090822597,4.06967315534
13.0998213088,3.46892543561,4.67428736132,0.255586961028,2.22302525612,1.37460566276
30.8117096319,5.95712390708,0.913688339355,0.12618509762,4.40991416351,0.151061284255
12.5697193393,5.62354577804,2.47566781411,5.33465705744,3.27886037208,2.70216894663
24.0398059759,5.54494610299,0.076103372703,5.07769717243,3.53320962383,4.43327817438
12.1714229102,3.42463491973,0.683684777935,2.93560183619,0.805639850138,4.71900845938
24.815567223,0.337621520929,4.47677717953,2.17079193728,0.78625942095,5.52161845854
18.9382940959,0.432491399976,3.79563231026,5.24759676645,0.839736814091,1.780236346
25.3968268083,0.632000034473,0.429756286067,5.12193247985,3.342980508,5.36188861223
19.912410872,3.09460594419,4.50724297621,4.59845352115,1.36764366808,0.204908414796
4.35699227463,2.63255107006,1.75314123767,3.62744433685,2.92809162502,3.39477086416
12.29189037,0.186321129195,2.11184464273,4.29643306086,3.82229367021,3.83182197262
20.7760981558,2.48244884892,5.71726864787,4.45836638043,4.5529225892,3.44644419109
16.0269315257,3.82422687865,5.18769861625,0.637293338075,3.48863245051,5.14390812526
11.0062458107,1.3341376075,1.72042561371,2.74866648292,0.706805788473,2.74571216419
14.3627022782,3.55657778507,0.636497969231,4.05643455836,3.58438748687,5.33213892926
27.5741077136,1.17068287618,0.994980235996,1.07024157173,0.346303494621,1.18257438985
18.6900459844,5.59737527353,2.21972742498,5.08497118069,3.25416940587,4.87594418038
19.0891326326,1.52228087058,5.83448971064,0.696437568061,2.84296879278,2.1761948073
8.82682600579,2.33924359952,4.74316729282,1.97330050777,3.24715972394,3.89712868094
13.3121355137,0.957915934434,3.34370898111,5.83929036333,1.5340128946,2.61913372432
8.06376142635,2.8820355183,2.72824325379,3.00321531325,4.16954478437,1.01696078862
23.599642181,4.36293528159,1.98303942348,4.2840801515,5.87720284142,5.32810838961
20.8378868167,5.7924942223,0.959251759876,5.57606085862,4.13454802363,3.01439158297
25.6966932755,5.1216044611,2.02891596222,5.87302180474,2.21645442405,5.7250893782
14.2635129273,5.96284082891,2.86114581849,4.20871513082,4.56675242675,3.94004379884
21.7276590561,5.42271019463,2.00155379538,0.72257372156,4.01627624177,0.249036104744
20.329555053,3.49027658896,2.74987843168,0.781519107078,5.55471121954,0.187044139602
22.4815799171,1.17372287905,0.840013049653,5.42044012048,4.19013093091,1.64845271501
22.550199433,3.39438383642,5.35598276058,4.91189618881,3.05368021897,5.89649464023
17.8020322106,3.79930384595,2.46648882386,0.168031286265,1.8299336927,5.16065164755
6.44324999899,0.701106026074,3.24057011731,3.57580065477,1.83831315347,1.29357168
27.4469773274,0.197707285284,1.00237801983,1.1414370882,4.74110317414,0.533484886214
12.2292007481,2.86068557261,3.97299332558,1.05785769189,1.08320181719,1.78600384988
16.4610882612,4.97605471255,4.23784950037,5.00351261378,2.15028712321,1.49844555048
24.0604310043,4.49887989924,0.407541312682,2.12861872543,0.146124253503,1.09064595268
24.7374410595,5.24729463323,4.99175790586,5.00861347704,0.274916549108,1.48754597483
22.1052484653,2.39434535751,4.83760177989,0.856260073905,5.36370455491,3.19785054515
15.7779498075,5.15322475705,2.41084290804,4.78386621604,0.279739105695,1.81158992064
8.02464734875,4.32258980001,4.40841239445,3.58421425834,1.43023537859,3.26971010407
28.6775388977,0.139671704339,1.20211292003,0.424948706627,5.23546662001,3.90942243464
10.5241110825,1.69562961869,4.49112240878,4.17271483601,2.61193566807,0.496242235493
25.4293234642,3.8522668833,5.4013324301,3.30360669351,0.331284299912,0.856902820937
22.3143446339,0.980595935954,6.00995007315,4.01752148934,1.99495368078,3.84925311348
27.0745863797,0.892085851711,4.57937408737,1.79749503754,6.0110020474,0.234783951818
16.576512639,5.49078072145,2.44883293191,1.13054259494,1.86315942898,3.64524238978
20.0548079114,1.27530487588,0.145711382994,1.53210535961,2.12403774405,2.46137000234
14.7882143988,1.36896195759,4.13619559009,4.88741054224,4.09437799785,5.30795176232
22.2811660833,0.384749307258,2.56588161246,1.00984174452,5.92024901358,4.78947138088
7.01926852179,1.66892198447,3.21806459081,3.99275627705,3.92641414736,1.67312842046
19.0190496666,1.63292000537,5.87258180584,2.48232871521,1.45153022371,3.3000306342
15.8047389445,2.61485451537,5.13549023499,5.26400019696,0.874487275342,3.00158004445
12.8953847453,2.05460531643,3.04759175243,5.18282958641,1.48408997824,5.64905903014
23.4306498923,3.07651763687,5.28124404273,0.0920523166757,5.59970833071,4.50957310945
21.2199705385,0.572089274212,1.18193435186,1.84385632972,5.35501668582,1.39919481643
33.0231018231,6.03586604994,0.341427161662,0.703988538811,0.32089958073,4.76335528275
24.8114729375,1.23527230282,5.59432214775,3.35106285122,5.43953871681,5.85525694779
19.1104366372,1.63884872522,1.33867632684,4.75321298489,1.20865582064,0.707967093167
6.27326088217,1.73411108408,3.14108349573,4.2400503551,2.94695753918,4.03637300293
24.046595509,3.08971351239,1.14460717092,6.04354032975,5.48240986973,4.87453028054
16.2053477309,4.77797032999,4.43326141321,1.56885112092,4.11446496624,5.00629542438
11.1946619837,3.70376929037,3.81927654813,0.198030093077,3.25435769749,3.5045166436
16.5238447832,1.38006511369,1.49652952968,5.52007101387,1.71604926398,1.14148917902
15.0792752064,5.82003076686,3.01852308762,4.27212589101,2.89781009557,3.02424068483
10.987702377,3.04256889605,2.69389901446,5.60660434407,4.80711547116,2.4925851531
19.9565921441,4.74278623468,5.11234452803,0.390336697001,4.0489812031,4.32409020683
12.7388956008,2.37646639418,1.37367614306,3.4761692227,2.70598273795,0.078009514818
21.4030596261,0.157052929918,3.23506076539,1.20331399259,0.0687292887067,5.10579442431
27.0604625257,1.53163938502,0.084619809525,1.22105934933,5.83163798548,0.866725775602
20.0283258202,5.45672996971,1.89591440531,4.06265855834,5.40340841536,2.8267534312
16.5205339423,4.34014272353,4.86228005955,1.96786305314,5.5421741884,1.25734968076
7.76381387104,3.46299503248,2.43959958295,1.44887205231,3.1901059159,0.950661915772
14.2740990991,4.52992394694,3.82343703245,1.92332671329,0.083522042572,3.43143990747
8.74881749315,5.57420689571,2.57289897182,3.2564137884,1.91765304663,3.82573162036
5.70418535434,3.83641216265,3.85082204527,2.36382259046,1.12598381029,3.6281698805
21.9126962897,4.18108362146,5.95301278721,0.713641862629,2.62964690622,0.405332806179
10.6829029345,4.55287337929,5.3076164116,3.77982258599,2.3851958183,3.75303579997
22.4653746427,4.34591732293,2.97660058032,2.17953401838,5.82982227425,0.327723510249
7.11752962412,4.98570421739,2.9254647748,2.86136515948,5.35808195865,2.87179255704
5.04836363038,2.58563915669,3.84470882501,0.939715754252,3.61781689513,3.15111141884
16.333335146,0.939240658969,3.60148913134,2.53894211998,5.05973273262,1.1745978511
27.1655308693,2.70773032862,0.063364013036,0.229895200205,4.82174897834,0.835158903807
3.07865583305,3.58120846478,2.00059600196,2.27117073033,4.39733059652,2.81276576672
6.85986268616,0.784298186877,3.71906892336,1.42376581301,1.75237256398,2.32069308855
11.980020342,3.84869758662,3.05498295588,0.732013786296,1.08062514888,3.80840260294
10.649851834,3.17719762672,2.41854849623,2.68080882541,1.27824695053,5.63302985683
27.2441239116,5.83988763123,1.0856576486,0.606091760666,2.01767946838,5.57071441672
15.5194382268,0.554472014745,1.8128862004,3.95955194717,3.32095913045,0.201124419009
5.16158317825,1.31693978545,2.04958708999,3.48541644094,2.55008171749,4.05052550858
20.8852809728,3.9121436659,4.9218980823,0.566788155784,3.84369102962,0.47084231376
9.34877690895,2.45670201362,0.116857059614,3.09842268608,2.69634396731,3.86990764807
22.5904363148,1.31843684126,3.64811652422,6.04758698952,2.84421477407,0.283733599958
17.1059636592,4.66796401822,4.60382983316,0.220307864502,1.44876375327,3.44926386387
10.479283228,3.5486380909,4.86079938537,2.03818493279,4.41081081392,1.5849046474
6.66593549643,3.39929083742,4.34904316639,2.04359317662,1.99029552501,1.26996321953
13.2451660209,1.85660308656,5.87392354765,2.86325775455,5.10520760167,3.67300960825
12.5962500869,3.2626502689,2.53799578536,0.766601524345,3.82160396772,0.79327508848
13.1865988156,4.90584106839,4.80083035432,2.00049702572,3.93877018529,4.44701479095
19.5062209502,4.96085232421,1.9927729725,4.75507426707,1.47352908423,5.78834341007
15.7155056439,3.50533046438,0.263898942635,3.65895998324,4.44424040679,3.2970391554
17.3453339213,1.62594074352,1.49816001363,5.88189380356,3.11241723535,1.40568955259
17.0361039351,2.08370131587,5.92757874118,4.48320939268,1.43700972634,1.63092850145
18.8746556359,3.20642470327,1.13699639623,0.956479502889,1.1230272709,1.36652149572
26.7088871656,1.61779679817,4.20174748913,5.67541567167,1.54368393311,5.82452545627
22.7909598734,4.53334612291,2.68688429877,5.33248304919,4.43762835452,5.87490966959
22.921309199,4.41637067938,5.24976908436,0.36846526684,4.12334936031,5.7907438291
11.06540421,4.85110224096,0.779797944643,3.93548020914,3.25995650256,0.743498342868
11.4635861028,3.46148350617,2.97704203471,0.362111905889,3.94637242505,2.53538489169
11.379385959,1.00625316405,4.74574974917,3.92330951373,3.32957000751,3.45943663943
12.9880719298,2.89551713802,0.220920863977,1.39526198639,1.24887561592,3.44094253688
27.7644347259,1.43911324134,6.01091639944,4.03491684343,0.669281378649,0.784766425746
17.7585345029,4.60880578084,1.098410214,0.0592079780194,3.414549726,4.19275182222
17.8751961749,2.73357387604,1.48073617459,0.389499290577,0.664015512172,3.36571151926
15.5351297042,4.45819911971,1.62466959877,3.49214485533,1.94122272934,5.9341461457
22.8451518417,5.96491104171,0.982860385566,3.01533710136,0.299136997376,2.53429382005
14.6567827176,4.65873235311,3.09906214662,3.87786453602,5.26119161972,4.09138872194
23.6489877274,4.87261658076,5.18621933138,5.83772196433,0.99640306885,1.03604933924
14.6346838902,3.71755922915,0.667335969238,1.35514608259,1.85873450354,2.9125304279
17.4881404334,3.27787687131,1.383744358,3.00904663153,0.811645381241,5.43829481707
23.0386292804,0.437117541594,0.204081529452,3.08205108754,5.55930977573,3.52823428059
15.7053509653,0.593137145303,5.79668380785,3.80521444073,3.21423511164,1.28131791445
10.4047762945,5.38257900438,3.59417246381,1.29098261861,4.18288615981,3.74725286881
16.6954590074,5.50613971245,4.01925180132,3.95626907502,5.25358348366,3.61832938799
13.9739346005,2.67107513536,1.11472490665,2.19912467487,0.457662469387,2.20184823647
8.30812870791,2.66194747013,4.96495476797,3.38767156961,3.65714445645,1.1128557164
14.6324227612,4.07404822359,0.961488483404,4.03885300266,4.64110390331,0.682498836089
22.8518079334,5.74158926203,4.91835479108,2.00618651412,0.100041747688,2.83813155645
15.5897827017,2.96383015966,4.13160834907,5.24912190599,2.73085630289,5.53040115843
31.6634527421,6.02121505066,0.635631977078,1.04683699477,1.34013330319,5.22832049463
21.5591693775,6.03545765472,5.62515105808,3.01395260781,1.31208020937,1.97594966396
15.5005051531,0.852110325718,1.54078709695,1.34599083687,2.66910743297,5.53321051348
12.4467681354,5.63029143224,3.03436788374,4.23031654325,2.14438451179,1.48570947062
16.1826297254,4.54137450541,4.82815217773,1.7179090039,4.59700851941,5.00163408865
9.28776656498,3.76263475106,3.36114958148,1.764384224,4.48970579213,5.24958547262
21.2787969925,3.58294206379,4.82930245883,5.94031080699,1.82099233111,5.31544755229
10.2361941384,2.45717756546,1.8981668678,1.05666452237,1.57805486675,4.94412039395
13.7165750501,1.46038657639,1.47866037991,1.87689067619,4.86276538487,2.73420067089
19.8190586799,4.22511470359,4.27020968929,3.95552073147,0.322888529622,0.356874541793
8.82594183641,2.44239047552,2.34243342988,5.38513626754,5.0633849069,4.3475771806
11.3825655651,0.702397280331,2.83899959872,2.98177786789,2.01941152613,1.37916861729
5.81784880943,0.511594155823,2.96065737557,1.3238554179,3.70338856389,2.10432533193
22.9427078116,4.82424356886,2.04036735491,5.88097438805,3.43440553691,4.31620390448
27.8771483595,0.434005779597,4.44743493161,0.358106241461,0.93094579066,5.7582925677
15.6796684213,1.87134235605,1.6016313629,2.6877946802,5.39865571923,0.829981130757
35.9799991155,5.78073528329,0.209673093944,3.32869610898,0.484802059036,5.90879618291
8.61947463938,1.27068903986,0.918054353797,3.22288845221,2.49837663042,4.40477276398
10.5745812524,2.35434424668,2.52940166782,5.16836694325,4.04856251361,1.69920038405
9.02346186689,1.24076235483,5.2316538921,1.79992843434,3.76647457098,2.80973536475
17.2777205731,0.617149643007,5.2090889587,2.72373450703,3.51652955281,3.22345730952
31.077420204,5.57883343501,0.159477643831,5.66535176104,4.24767800759,2.71227789608
9.1453774759,3.12793498555,3.02100946781,4.5461574657,5.25977218914,1.54980954524
18.7144741915,1.02859847119,3.10314231892,5.57168855367,5.01733472118,2.50570569582
9.33057457218,4.12737316916,1.96563132668,5.40895310837,2.99417707534,1.55574705168
28.7255629875,5.73656890436,4.37066132447,5.82669794208,1.54087881014,0.352764610695
26.3657101778,5.06249089957,0.858467064363,5.67386061628,0.610897802788,3.54836841079
22.6836032963,0.33987785742,4.80141376719,3.36117037968,0.967710027722,1.15178544184
10.6904266658,5.39632379973,2.77468250442,3.8959568714,3.8441979625,3.278526113
9.4888119418,4.51102631227,4.00450173778,4.59672232556,3.02000713229,1.37811484435
28.4376148251,5.15450907081,1.36157302028,0.141371674711,5.40970742644,0.926783797424
28.9292974672,5.90433948835,3.2885999316,6.03046559854,3.5534552886,5.81187493995
19.4609054772,3.68051221202,5.38503188976,5.77685958398,3.26733510725,2.0030781513
25.0964220515,5.77296951599,4.77952668189,1.0454355221,1.14499001133,4.78465494023
11.8631412456,1.59999478986,2.66952555536,2.97081244695,5.24401053026,5.58508677335
20.8386444168,2.04955572521,5.57921653556,5.73401009115,1.85041683879,3.40371574582
27.4910560914,5.78816762877,5.49688032051,4.81867278153,3.46800718957,5.89690138471
16.267899221,2.24906394868,3.5168104626,1.16692519999,4.35548479654,0.176224890479
7.81222470661,3.51438995781,1.63430229107,3.49544647261,4.23192193367,1.62382906846
19.921676489,5.88439397758,2.73715880987,4.24620339412,5.53281007342,3.63016985211
11.2626970598,1.35181366867,0.268410146161,1.58795990673,3.57855306084,2.04910086079
16.2871612331,4.52907108407,1.2132413074,3.82733076421,5.22252610499,0.158747761903
16.6035066391,0.483827530752,3.67047046032,1.21023132059,4.05551473465,5.1265949799
5.67094424261,1.29084027672,3.00752807325,4.0749907469,2.69123985257,2.40875297038
15.9766853765,4.54951727182,3.43515248703,4.02673352844,1.0638715859,0.581825811895
11.5541114407,4.7042395625,3.72454947903,5.26043800921,2.73401180974,2.80252222996
12.911064963,4.39212488732,2.40423536077,3.88071270684,0.810172541024,5.31324777688
31.7248654786,0.620006591464,5.94226330385,1.49464579671,0.349405503415,4.29063696627
10.9335650374,3.28965280436,5.31731591659,1.64833645638,2.10128346912,4.39063986817
16.2443936875,0.687786551468,3.76142395035,4.23172859153,1.12140914447,5.98164688453
6.63582085057,2.81961512912,2.29840084304,4.65067183784,3.89322032351,3.70612704753
20.4361815539,1.62286521198,3.3792166899,6.02521989476,5.14086580021,3.52254642425
10.9587353802,3.62255106096,1.80956865453,4.44296863836,3.16339266755,0.924609691085
18.6000956555,2.91081645024,0.454638615827,4.97532032392,1.1162319054,1.01137041565
25.544485043,1.75081298939,5.988517194,6.00242333362,3.41477904195,3.76962871538
13.665544752,1.67921485642,0.633077807851,5.16377831375,3.25122734039,2.60308752586
16.6107067974,4.91113386849,3.6237668178,3.49546484216,2.38351930747,0.151391669955
17.1595052879,1.91219003574,4.4655535491,4.96817567927,5.66803822282,2.303753962
16.9552059014,0.113507871777,3.17318886353,0.351110061803,1.44591824002,2.36254109659
34.0340418952,5.37522035327,5.96487399325,1.33877892318,0.587835127724,5.91442196438
18.0187846558,3.29279957285,3.99154220334,0.83756276756,5.69033154707,3.93338749268
24.94718809,3.75540863268,5.51375547996,5.53174913621,5.72920549494,0.98845421917
17.384495225,2.89073830334,3.91957448001,1.19925822282,5.42792956806,1.19445613507
15.8247054453,1.0070857317,4.03995711992,0.541657222698,1.74364673752,4.15830749494
11.573741395,2.89324571199,2.36308202193,5.26653903719,3.44415166784,2.90982526514
19.3132211957,4.45958004095,4.22880742284,0.828953197327,4.05851318668,5.60318998136
17.3712617474,2.79771636827,2.79392669466,0.0593032444596,1.76695540091,1.08700044926
10.6890980697,3.93332555604,3.27154051752,5.06986504564,1.15843293648,1.96485488613
8.32990317593,3.38936396035,1.47963843604,1.04881815552,4.13140625854,1.54197677146
19.3506449016,5.43455339041,6.01531391805,2.02236129879,3.4347922568,3.67717230932
10.0319247031,0.0942334570979,1.82904487442,2.69210315211,3.99180558378,3.15008679329
13.4845187798,3.29375794966,2.76110717138,5.89265290659,3.36214602211,0.603421829156
16.0974018566,5.03350928805,5.23299871696,1.56880950475,4.13333027243,4.20187632695
13.5023380598,1.17394345043,2.73122232651,4.50725219647,1.25888143227,4.18782062599
9.2621768958,4.9996937989,3.1674714902,3.18543601058,3.37452162074,2.06943405313
17.7914006941,2.37844603605,5.65695750512,5.81929308127,2.41150266068,2.34081507167
14.3247080607,4.42806308803,1.30104582473,3.22495203388,2.62086905903,1.1234090707
13.2755950155,3.00276407011,2.62593850419,1.56808304144,5.63801011382,1.74382337089
17.6445518475,3.83076546731,0.290259405358,3.21617041421,0.606316908318,3.61449821795
12.2081794887,3.14968072188,1.45537110397,3.99480464403,4.01412396137,4.55727814578
12.5672552101,0.541893929435,0.868857330661,4.14463496697,3.64120158145,2.29677115907
12.271504547,0.560369296713,1.57532989492,1.85654908584,4.20315209044,3.46864441865
24.8376191265,5.86694830941,2.85625212248,3.07887450714,0.2096891593,2.17954936032
16.6386109569,5.00906234248,2.63266863316,2.40624229352,0.794761727122,0.926414980494
24.6087725968,1.00820837381,5.43789488467,0.335505259845,4.36298065477,2.25824265468
11.4928813177,2.67771902076,5.16504752497,0.893459004628,3.22785103234,3.37839518369
15.700293087,2.42308416973,2.05878559266,4.81548902537,4.49755842164,4.88028478645
20.8412059343,0.800125155585,5.44045516998,5.2737033477,1.71366462953,3.48109405732
10.2611176071,4.35142864183,0.506350490248,3.44239757752,2.63555028718,3.83827189491
17.407759548,1.94238617466,6.01328061083,3.2840955882,5.89066752769,2.7531635575
19.2432886546,4.89104147041,0.989684193635,1.62569947233,1.47402173183,4.65687712797
14.0167516854,2.32687482148,2.59909578786,0.772921485222,4.91059174987,1.88579524936
20.0151842103,0.496833603926,1.98358209432,4.67922467293,4.530530503,5.9138088032
18.1410251908,5.04721603429,2.40709954762,5.01973639757,3.73589664414,0.410396817102
25.2307638691,0.394791019691,0.41438948731,4.2148401876,2.64801018534,5.93214834182
3.80720613703,4.02123047682,3.62781923878,1.9475254763,3.01285599944,3.43736391498
12.2714058499,1.38045080161,3.45377111493,3.00352758102,0.518302998611,3.93459683182
19.1972864123,2.44855281469,1.10468490068,5.63326812624,5.64832341857,1.94930369108
10.974727756,5.24692269812,2.06885071049,2.14017625176,4.6035981552,3.98610754857
17.7036190257,2.75044239914,4.8654003432,0.681143759089,4.06502725607,0.169673789157
15.3848677609,0.21866706961,2.08761196296,5.128016125,0.737456397967,3.53865815895
11.8553350152,2.14206141798,0.641403584913,3.59254066701,2.38085455797,0.557547203744
19.0471686898,2.00094885844,3.48425448943,5.58426123911,3.70745885857,0.225156751341
17.3959217103,2.92738005997,5.65428263909,3.56209265632,3.07376757762,5.86184321506
12.3822691011,2.47149710908,5.7444244932,4.87779010308,4.38131472516,3.48330644791
23.0399957204,0.266538888937,0.87373442302,4.38299113401,0.888480704915,5.02457207213
16.1497822666,0.494074920273,3.66519283785,1.6268457969,5.75038759153,1.59405470301
24.5959397493,0.560804978943,1.82901971125,3.70493398169,6.04235840758,5.08556177414
5.00454090511,2.75968663598,3.86986429473,1.94811775106,2.16271563957,2.77481444679
11.8456899619,3.43232443928,4.82617123827,3.38107256646,5.92257094184,4.37416783518
4.37422177096,3.46209328321,3.73302936179,2.80466751562,4.63762040959,4.50855039752
10.4468848874,4.52270919249,3.41116709448,2.31308213818,1.34646574882,4.39429664172
11.0543361068,1.86207026509,2.56330599182,3.80697410223,2.60128732871,5.50995560316
17.7057094118,4.01340371204,1.64709902377,5.53275166178,5.13275475285,3.80350848477
11.8974933361,5.49897853242,3.19524492993,3.11277938908,1.78179469131,1.55164510808
14.0044779231,5.66921167316,3.28706538059,2.19588801507,4.16687645297,4.42462750336
29.9712280162,5.85607094926,0.861324277569,4.67868246792,5.96440192972,2.93457038279
23.5437639096,2.18926311855,5.10307734668,0.881787525914,0.416140482884,4.14235818729
29.1147198643,2.57617517876,0.192789260331,0.0596402745291,6.0332334859,4.08099127648
17.4867209222,3.71788914951,0.0765408621636,2.12051542695,1.74068113777,5.0215859713
18.1640870141,5.33943084086,2.21073519825,4.83759908949,1.61653677301,0.609928271953
17.8414035815,2.07756377106,4.47170493132,5.60389336044,0.913434271848,2.6160627869
12.2219918003,4.32358384041,0.78273649715,0.440258719894,4.33152382383,4.13060891544
9.72484090326,1.05570109773,3.65146546309,3.88266186001,5.37986377353,4.03911928543
9.50292169236,3.639633356,1.3923578387,3.55071933053,1.55465295012,3.10814940322
10.9172602559,1.52346655089,2.30543668399,3.43059635051,5.32384655545,4.06727796485
11.7870036814,3.53242954003,3.20475314114,2.2764220006,0.240375071954,2.95429126391
17.2302549062,1.83934405257,1.54352177395,0.681186422267,5.33339925706,3.1127336616
9.5652791073,4.08679401068,3.9116245909,3.89098572535,0.518504756695,4.61235353748
11.8648476716,4.29680268916,3.47532046589,5.98335547758,2.50152117326,2.75930291671
10.2425837942,2.14294262969,4.47726963157,4.43608982494,2.56876075716,1.03851694442
26.2984613412,2.14141295919,1.41912069854,5.13618856176,5.83112860273,0.691192910122
12.002606273,4.41697174477,4.99009524132,1.43484811549,1.25523309705,1.83689086737
15.9320571841,0.85242276375,2.65392814017,2.72419180256,4.64456301328,5.33831107907
14.5450875814,1.9424085552,5.82822583956,2.28251697637,3.4579488376,1.9975389595
24.8461183858,5.74156595418,1.69016313447,1.59828661088,0.743897708851,0.650294452857
20.1554856615,1.17099437141,2.14388776535,0.562358046317,5.03869837686,4.94747968358
7.01755092874,3.73153643709,1.66481972535,3.64509297857,2.51508754729,2.63914524988
7.25880827774,2.83632139029,3.05114470942,4.1237472997,1.30853541207,2.16590359384
25.5819280568,6.03648364039,5.733948007,4.11188024436,2.6700702751,5.23860194691
17.8502648101,1.43661608373,4.29392957204,2.36068129127,0.701953543026,4.9914845604
12.5004051187,0.690071575972,3.91568413968,4.90010882465,2.60705661385,4.42553697354
8.40137526809,4.09902730786,4.14548022285,1.05753383601,3.84062077006,2.1889450289
7.61918548444,4.32497370306,3.08494370915,2.8992842839,1.72227250039,0.893186015703
12.7159554908,5.55983177557,2.39620584611,4.78053615716,2.8311263112,2.17239955579
25.9842398729,3.16568291051,0.536285391282,5.92223919888,0.14698460971,3.55961515437
18.5537768916,5.43124908754,3.20667250897,3.6701112393,0.799973019451,5.18115976847
14.4861493437,2.43834816946,1.93682588498,4.59487074845,2.49733431869,0.186900132916
5.81959006466,2.49289991873,0.957541413233,2.34152092826,4.48555131246,4.02655006619
19.9619978499,5.71194441671,3.33393360375,3.95447199739,0.227038578804,4.66021108092
15.3990059011,0.946718435898,3.12931477416,3.2146518947,5.60149993171,3.76586420192
12.6275046196,5.04971151185,1.25595422287,2.54367553345,3.49001268628,0.280787597017
20.6386006327,5.7381716674,0.293813954188,2.09080826632,2.849057253,0.297324023715
16.7260742131,5.48985773165,0.999202711717,5.21315358222,2.86437509322,2.35680837323
22.1044108575,4.57854182085,3.96903005347,6.00868505322,1.9853608149,1.01067960625
25.0947250098,2.81576263056,3.80226063312,6.02297544531,5.52502565949,3.74984339556
26.8670969876,1.08608518051,0.452441926569,5.08548664477,0.285105237672,1.14374519266
17.4131198613,3.81593674667,1.11568160349,3.30370477315,1.14380473382,5.43789180815
10.3036069557,3.93340243782,1.91059676455,2.31293281803,0.812135562683,3.48407762624
21.9374787211,5.23657402341,1.80368944316,5.81835185614,4.39863865295,5.13140761642
23.8446085795,0.97343908314,1.36874261057,4.14082730674,0.163028005908,1.39356013028
12.8332013864,0.591237425045,1.45991230269,3.73251951535,2.79214037707,5.01507738291
32.1012045993,0.0549247126217,3.62138986086,5.73237587671,0.0645262852687,1.63106611223
23.6724047503,1.92100840023,5.96850207473,0.97196083117,0.725863237509,1.48395705787
16.1524269948,1.5770408414,4.46319615332,2.13564447599,5.01765581234,5.53971172523
17.6324866419,2.88127843349,0.994481607567,1.83985571821,5.91945196095,3.83528734771
22.1378921702,0.664195494675,0.873640885508,5.6690022741,4.11415571328,3.6297614508
26.4915880507,3.29891243632,1.04164137725,0.854655228243,5.69931815928,0.335614997139
9.07361752103,4.20287951894,3.95490160417,4.23081453344,2.25564354232,2.94632993634
26.7920221173,5.91589090908,3.01593109515,5.65554382837,5.12853805084,5.17510282764
26.5830762069,2.42254172542,5.39707582345,0.523167555025,5.90568004821,2.81694298787
9.35385402187,0.468300097769,2.55193484007,1.50765483467,4.3809436629,3.89661413862
17.9497598881,1.46863233102,5.6867109741,1.97667796448,3.14813487353,5.11705840213
19.035076949,4.88098841037,4.58519341745,1.35027627223,5.01354399147,5.1939769395
27.3966096006,4.70266673003,1.14292017481,4.89750452872,5.72366997571,0.783825915013
18.1246714325,0.729027335971,1.51056773764,4.36339362767,3.42320496438,0.849354505499
12.7223163362,5.79492479022,4.37263239031,2.03399397989,2.58787503685,1.26796029393
11.9639731483,4.64619418568,2.81616752152,1.95899140175,5.98361374763,3.02310865564
7.88717311546,2.97339146705,5.37479846939,1.95737904942,2.72615988297,3.59331165126
17.4891781427,2.73568547841,0.284198827413,2.1604650951,3.45570594446,0.476396968946
5.99234893466,3.03508800697,2.61178244181,3.46454710801,2.34884720172,1.15680383018
30.3517638764,4.37368348457,5.8496817097,5.75813928343,5.71452762488,1.64487069345
12.6231173841,2.76455907441,5.29999317906,4.76141563804,2.97321704027,5.31722808676
22.6240322938,2.45710205769,0.198590965438,5.54645141061,1.00249735513,3.51844871992
17.7118297696,1.55074518116,5.60289019861,4.14790481163,1.44742888678,4.79302985216
20.3443391325,0.935740411076,4.79534978515,0.832682151475,4.12665418704,0.371601798353
17.2043309603,0.172983317549,0.463157774568,2.04620225833,3.1961246186,1.06773603001
7.95370731772,3.70993274778,3.38428791295,1.55140809336,1.78152507045,1.73876649512
9.60860022703,5.41921511951,3.00071272769,3.14248113981,2.72260523497,3.67834509897
18.6493855212,5.54913309632,4.55805085305,5.87453212137,2.0227141297,2.70400891714
20.2210889654,0.361554310862,5.37677556454,2.56466104918,1.50285361173,4.91590317738
19.9697611806,5.4124793771,1.92995213319,3.72531312396,4.61372560135,0.203453157157
19.9935070584,0.606999957614,5.64834985894,5.14947104959,0.437277096422,2.76844347546
13.1967341622,4.17616133769,4.85427859839,5.29733208207,3.91148939511,3.8103596585
21.9397276313,2.25616697464,5.32908854767,2.78581837525,0.34525701197,0.546738748397
14.775601225,3.80466786867,1.52826903699,5.8510097462,3.56700132228,1.5997718644
7.38267829218,1.63079749712,3.16623782154,4.7388568057,1.54812186053,3.03867084733
23.9558057989,1.81899953084,1.6483504454,0.262800179947,0.755528524502,4.6655746878
21.8678613445,4.56460893343,5.62703689131,2.42507560033,5.74032659922,4.23253986594
5.93937517987,2.2375121692,0.91796645615,2.55606083601,2.99340009498,1.35262558451
18.7311500405,5.32643541847,4.35880394054,5.88612528089,3.19979603998,3.11934190169
10.2112794222,3.8155452563,4.60521061033,1.6662809786,4.08718370141,1.65572868765
12.2934699583,1.28830728264,3.63584713762,4.17388542828,3.44999372169,4.90071146522
6.35132957279,2.56983727664,1.62979467,3.14587418475,3.17764198671,3.63627988974
15.431174117,5.98653883147,1.89289489529,1.20896930496,3.8329358998,2.20777480307
26.8157243175,5.86084117807,1.26155405402,5.91225588087,1.40779939398,1.27362210509
16.2611896898,1.16742683934,2.16240059896,1.94124769159,4.94038680299,5.34889166748
11.4417147713,1.52106870649,3.90758912987,3.88951508089,0.227922407728,3.45503223934
20.4306605392,5.79915013742,4.60476365115,1.97980035169,4.61269726192,5.09866674914
15.7986769439,5.35068312243,2.86096193467,5.93463175268,1.51187266165,3.36826731886
28.2877117164,5.37073685948,5.00817495349,5.89507190546,4.9846858372,1.61195316617
10.036488087,4.21562057232,4.82909327797,4.85431704728,2.49702544802,2.73524500625
11.8457495522,0.759737682887,1.81005915924,4.44154515193,4.28756176774,1.78557141035
17.6008397377,4.22775889576,0.357132812848,4.16212428392,2.32929631328,0.212819163162
20.6897805433,1.56516506256,0.482732949927,5.94325605556,3.30229776791,2.44174128577
19.6739816973,5.45498266005,5.06876182909,4.9046333263,3.1198302503,5.59514783059
6.59791432246,3.56065377135,2.46443990846,2.45198301049,3.82992424648,5.53437480719
18.3266165553,5.06797817325,3.94990222955,1.07435845972,5.55616464563,4.40815273992
25.8589321488,5.05219741383,4.74877422047,4.80459358405,5.65096590954,4.79744967522
17.9586530569,2.87136141266,1.77673426167,1.08557939157,5.40564520439,4.66542037175
13.2505619841,2.94012824022,4.35436539209,0.354208354437,3.35868246012,2.37520460719
26.7470724885,4.93126713694,0.311208338557,0.766799858637,1.44159858691,1.09350724506
19.4252318876,1.70918929172,3.60673410983,4.21820619598,0.516521588206,0.813990765835
10.4730104865,4.05822176546,3.92949563973,3.2227731561,3.45758388625,5.61023305967
6.8972900931,5.53375724832,3.45961046259,3.68056055435,3.12044723059,2.00093500809
16.3931602828,0.594929968016,4.31513861858,0.67274406429,2.1685117735,5.4151617669
23.2779297876,5.82391171092,0.370157104615,0.807319589783,2.24749123172,4.84487985365
19.1501638463,1.95111249407,0.345805466715,0.61555868814,5.22799479508,3.64040832405
17.2381436875,0.68552202763,3.14059612265,3.72375047736,4.55951093052,0.4901650496
16.7050158023,5.00348259693,2.50200056611,6.01481332184,2.28603505334,1.0729602664
14.7909664737,3.45049726455,2.56727832947,1.19018493148,1.76028549888,0.84530241668
18.1312899274,2.38442112854,4.99724545704,5.57323380741,2.23136377663,0.673122078238
5.20480214805,2.98605180753,4.57086941581,4.14387590118,3.01975554225,4.74373511682
12.4873511403,2.53459539817,3.20762954044,4.81554307735,3.17291118619,5.38712305918
19.4345775996,5.78971808127,1.12737309558,4.26009297928,1.35831794396,2.52027187115
17.208664032,3.77488952948,0.0839992047195,1.18789352161,0.55660788935,4.2657997573
24.0975806371,1.54205603932,0.241198938187,3.71643997672,5.56074274028,0.788971251228
15.1748338854,4.85443673805,0.741863048095,2.75935827395,2.09152980908,0.810166879545
16.0792141275,5.39589831175,4.50727492607,4.71368511766,4.62496571747,2.41369775259
27.1532889608,1.27576336758,5.82013489674,5.87471495346,2.99025840686,0.453517248507
12.5525174662,4.81067222313,1.42969049239,0.375168659898,3.36447619438,3.03937079106
24.1797131674,1.75112530768,5.36249463326,2.47066449022,3.87841045135,5.81755223573
17.8675294267,2.63958630875,0.759722045664,3.62764022954,1.49720454206,6.02249584654
26.9909925778,5.76070903117,4.89105778164,5.69585291472,0.761429619694,4.76497839724
19.2783478771,0.356758026865,3.82852202245,2.81652288501,0.439599664119,1.46249719118
25.3431774659,0.722644259244,4.55578442204,5.37656753288,0.166662519641,4.00994908735
18.420230048,5.45107777923,3.46943771867,5.12219303413,1.50780159354,4.80623122972
14.8547515422,3.25262204169,4.81954013869,1.69195814279,3.6087910855,5.21789802231
18.206318055,0.77820891736,2.11278591986,0.22382849317,4.6614393868,1.30240563475
14.2175252036,4.78221841996,2.07887620806,2.87466646367,4.0012291542,1.81534601
16.9949399091,2.05425746368,3.94341996039,4.35908371304,0.969829923832,6.02845302401
9.83361243453,2.90077785788,5.43121813726,3.70861041265,1.42540249519,2.06665117277
26.7912089327,5.52536798706,1.99875312552,1.60471678016,0.498422767237,0.407085355173
10.8915080769,4.45857388915,5.38599982982,2.5069292144,1.76886594587,2.68927804204
17.8239011253,3.47743790683,5.29179868673,1.78838542854,5.17610160577,0.646106908977
15.1221382467,2.01172102383,0.636013705877,3.23325502456,3.36020742173,5.25782294956
13.5632464427,3.53468294875,0.216249599552,4.89293512049,3.51355822125,4.46139849403
23.1297049928,1.18200998056,0.644524055104,0.816388354159,1.2181616345,4.49836669473
19.1567209589,0.966060277775,1.30964761771,1.62891048558,0.26862098851,4.61344380686
6.6314169502,3.03370269063,0.724864370459,3.65791484687,4.54001502444,2.35383335982
16.817859056,3.95104472333,5.78960645647,5.56504475492,2.80859098698,2.63197622822
13.5006068099,1.55445079873,0.929374927541,1.9905253665,1.7576978982,5.0234538541
12.1388940865,4.61557750928,3.5148312311,0.499576441166,2.54752445877,3.24509591069
8.32890977489,3.93025912786,5.35152944004,3.50811112647,3.68921607188,1.74375821271
16.707344054,5.60210623483,1.50822155668,3.77964446791,3.10647490007,1.49054034226
16.2822557925,2.4803482066,0.458325405207,5.47498989072,4.11033537811,3.9571554357
21.5584720931,4.01404832005,4.97597126737,2.56714094258,0.772751423678,0.201219155418
20.1165986137,5.39603362215,4.52363182236,0.101039097726,1.69345336351,3.47708068075
18.9481551466,4.20911501765,1.5963408942,4.12133563915,5.67682333615,0.375123737085
13.8226243776,5.40019635013,1.89933254043,3.24911424005,3.79495932985,0.759231147526
24.9680759979,5.35529832635,2.77655226637,5.93562688411,5.76985745394,2.07226975943
23.9903332033,2.59432384545,0.19745630069,5.01815079476,5.93551510867,3.11747474834
21.0406798231,0.570832231674,4.25676770876,3.99952249065,5.0327502767,5.84228708481
16.2084977523,2.92080522362,5.70123629021,3.47687565797,5.97271950196,2.65381284664
23.7993946943,0.340704153066,5.62744814109,3.6342043378,4.66605864117,4.51738368505
15.0319979658,1.48970874225,1.02530255021,4.16643244919,2.76467155584,0.822613997318
22.7674821112,0.616606440491,0.965027113654,3.22203324932,0.129417196103,1.72486882045
18.932490891,1.8810383119,2.44808041847,2.90755102052,5.93334609904,0.519996996177
20.7729080716,1.83953473704,0.935899402635,4.94379781486,1.09701547329,5.9927097303
7.62504806315,2.4063628824,3.71250641081,1.34784597272,2.78016854567,4.48992288408
12.4796066073,5.21183726899,3.83281376345,2.80650000971,2.74892644311,1.18439647292
30.7965885999,3.11432427792,5.66629246518,5.21666400994,5.81322671842,0.392189981332
16.6306793457,5.24748039893,0.829877265733,2.49754441552,4.26715698099,0.654922098919
12.5715855554,2.09024326218,4.60126995059,5.08024387249,1.30570793872,3.86411042226
21.0096468226,3.95245637873,3.96760696873,0.572559669516,0.617003048048,0.720059979055
24.2854143564,1.15456253067,0.901349291682,1.18311315178,1.25214204519,4.67499601484
15.562835064,1.57336418345,1.34913170224,4.22897893886,2.69876328445,1.05658177267
19.3413679033,2.39435756477,2.81201882444,5.85664086652,5.24268490666,0.751757795392
11.9675770958,1.74755328658,2.30317668954,4.88114744334,5.36440827967,2.29222491198
9.81885094354,2.78645036831,4.94541519971,1.18898931691,2.9674798323,4.77004189218
20.3159188017,1.37154286509,5.10470058973,1.3471664688,0.582172474312,4.05575808129
15.2405984657,3.04981968216,0.288708904261,5.04122874286,2.19340858244,4.01547803513
22.995913621,1.17208306976,4.29340999537,5.17139754554,3.95948484883,0.300258226671
22.5810810126,5.1527008913,0.935083479385,4.54477171292,5.39520349752,4.54479729525
1.92261709651,2.64060453846,3.4040528744,1.86696824115,3.27815353379,3.27471797571
23.4973220334,3.70217062762,0.75925651181,0.0787271179515,5.69458586749,4.27875991368
13.0691718168,2.73477787822,4.34084439736,1.3111719699,1.22237584688,4.44489129
4.41337987308,2.4345240008,3.93856088667,3.34836855609,4.33376723497,3.08511539045
16.8734728514,1.05499707268,2.97967465882,0.141911260516,0.788078234728,3.76249913261
18.8233620691,2.38006074952,0.732554498669,5.44563899547,2.15128970763,4.464005549
16.3418605564,0.495286166403,4.3383907694,2.17676285064,0.871244981579,3.54558602979
6.87553804522,5.12037161059,3.46290977894,1.76525613532,4.13190058403,3.54071121485
12.1086350858,3.02557366305,4.22176224573,4.08792300063,0.55665303266,3.02512042515
6.46531616203,2.22128982662,2.76108970728,1.19761690799,1.94283311542,1.05553993918
26.6442407731,5.48536301593,5.57073351334,0.535182824056,4.6672325875,2.7240916831
7.38434597642,2.87934433288,2.60824828137,1.31120260715,3.03944576512,4.65883511043
21.3723340189,4.92614784524,5.87069462523,2.95978460963,5.25659928021,0.901035181927
7.9277644229,3.48170850487,4.6321895563,2.90674012264,3.81507124409,1.434674544
19.6903507756,0.711337057167,5.16359302448,0.767229614392,5.05950004983,3.02497328224
15.5060247878,1.12749359101,2.85686119099,4.55747950654,1.9971533234,5.88042320661
18.6373711247,0.315047840191,5.43684956767,1.94736652056,1.70630609307,2.0297403821
8.79886693743,5.3509737655,1.7314998783,2.8827424833,3.87335171829,4.06681884417
17.1256851215,2.32728925644,1.12075996365,2.58191051889,0.567664724064,3.49464851807
4.11514569992,4.22174713739,2.56880748074,2.3673409917,1.93231393915,2.93817582245
14.3111013607,1.43533527004,3.0375214812,4.72173649234,3.6516680131,0.765311464474
3.63523368775,4.33055729059,2.55473888811,4.56666107135,3.04306684912,3.12392564455
17.814170977,2.98717092224,0.838371078674,1.55734848916,2.31587585952,5.53326268079
13.6028894805,2.893745514,2.95846634423,2.91991268295,0.815663260956,5.72736761487
24.6922072593,5.55033809712,4.22145066627,0.794717519111,3.22833192024,5.85759386111
18.3067563585,3.43032892125,2.33520201214,1.16716312349,0.281446415408,3.69672524484
13.3160602476,4.47025737955,2.25209540906,4.73781558439,1.06557249157,1.61406325156
29.8292891657,1.34430940083,0.28687734395,6.0439739594,5.47428805771,1.6987619244
8.29500872469,2.47673316827,3.48823642967,1.02772158892,4.11480059709,1.40052028981
15.1869444893,2.64819276218,4.10565959578,3.48868568904,5.99093106352,4.38124028331
27.8213159861,3.55490271025,6.00889517723,2.0740111568,0.975946510054,0.22400233237
15.2740251015,2.18163633518,0.241755399274,3.32465870142,1.9046893121,4.61099010615
9.83405653381,3.95352087305,4.90176752006,4.3122283104,1.70838376868,2.80196337586
21.6875773909,0.657639782615,0.896965003831,5.89826972548,1.54849014472,3.49192376459
20.3546169562,1.37119714508,4.87926568694,4.1715582451,0.24260807532,4.93335378818
11.1872320873,4.69653711373,3.87676659675,1.1930491803,4.31721450735,4.02055663259
11.2974563755,4.1832911774,5.297214964,4.45603314925,3.79061476222,2.03592395034
19.5171866546,3.56570755979,0.346877749524,0.734576266484,5.73327125284,1.7648052604
18.3073738419,6.0038844611,0.530698839723,3.25751141045,3.10979549619,3.7555089523
18.6180344436,4.08546347564,2.43780380171,0.253033052734,3.94011577194,5.97873270247
11.3642798748,4.31380604513,2.72280233826,1.25200326286,3.62385837333,4.62838531183
17.5111076463,5.9041313928,0.331406502467,1.397973212,2.82036625027,0.846534813223
14.6583358075,4.53093318732,4.35092789932,3.600293773,3.71576232708,0.883594218225
18.1485135725,4.85853516605,1.04029166068,5.25397778182,1.29779242884,2.1506838052
19.5533802976,5.85635974477,3.00596789212,2.04536323437,4.61210837594,5.1134161695
14.7658195311,3.86886747695,1.45118949179,5.18523006458,1.52465439314,4.2028642276
6.71333718926,3.00475069612,4.23752758115,2.36703480483,1.23849635313,1.7981852419
10.8162223431,3.40931740693,4.64836951353,3.5971870084,5.04439238941,5.21588344284
20.9334213379,2.70702743449,1.8252108805,5.95557060803,4.14521217279,5.17589985764
19.0754055227,5.0100137333,6.01375337496,1.44490132159,3.16599853848,2.86983040183
11.8915118066,2.3929294082,1.70268494838,4.40007196029,2.84491849074,0.784585009948
17.2216897251,1.68983358265,4.24012510058,2.80156610513,0.456322115342,6.0280989769
16.0565535246,4.00783022715,2.56704014881,4.65485388511,2.59602149,5.96868663582
25.0352613308,2.9004013525,3.89144457289,5.92149784597,5.76381491133,5.42381621208
17.7294251801,2.66427559191,0.569225749989,5.01625602121,1.56623354698,2.37869739263
22.8991874086,5.75725277573,4.82885599327,4.41106267952,5.62562587795,3.05592206563
23.2975846688,5.79911502311,1.93621856266,5.2767802843,0.717305788284,2.4449740584
15.3227273691,3.76658205219,1.73969181955,5.08095017617,1.75081536012,0.581867542618
21.9665703359,2.04773233812,0.649829326057,1.01367698753,0.703224403087,2.66386187835
15.7906147789,1.353821912,5.81883625058,3.32193833673,4.611258631,3.15504623581
15.4464208149,1.4410780408,2.74430024349,3.91301364378,1.75124802263,0.77301618584
6.14257570831,3.02907029065,3.59352173128,2.24625319353,2.66839684297,4.73401016289
9.95045676093,4.79949380738,2.92443599958,4.70848792914,3.26658802716,2.70726505104
24.6080322253,5.84961120724,5.65069035363,3.4839136112,1.56764841119,1.25037339408
13.5642324284,4.40126815846,5.21543938855,3.90641903317,1.03774204347,3.55409585598
14.9747390174,2.56385084169,2.80032225511,0.465877622024,4.33754445452,1.54466405937
15.8430530738,0.65525783291,2.83509696669,2.79672575238,4.40368345518,4.94547749354
12.8002014654,3.55205211402,4.35002322996,5.74848530603,4.08053337062,1.5989257022
17.4697655363,5.56486659945,3.64451610711,4.16169344966,3.74754673786,1.36192805674
10.6943080358,4.14815264832,1.25615881456,4.20193578972,3.62922377829,4.18715081869
10.5116590155,1.49006972647,4.35880398801,4.86354034036,3.1332472911,3.22992100432
17.7945777233,5.93325759558,3.9202150879,3.50035179405,4.37355899639,1.42362945617
15.1861502035,2.69777420334,2.79516194524,4.62156588794,0.204300303043,4.43138858735
25.8790633907,0.0947291179179,4.56584789196,1.60434786735,2.01934943648,5.92689733422
10.6793596738,1.17609461177,3.27797275777,5.06963567884,1.27722998941,3.73792131123
8.26657171869,2.33218305428,3.51819129449,3.65460359289,2.25188858436,0.665532030846
9.97138790729,3.14536727242,1.86817179889,4.13437538956,1.47863364942,3.08562521354
23.4893959529,4.37423958307,0.0739463665841,4.9127967763,1.39811486205,0.987593153739
15.8752172964,4.62134240521,2.2496992581,1.04639484086,1.19950420612,1.52136790356
9.429678078,2.39278750431,3.68085701212,3.06166986378,3.88099616535,1.15071246055
9.24477469711,1.30298404627,2.59486809019,1.46494453304,4.37294726306,2.880700324
14.2259596812,0.655077063753,2.38314006837,1.58522923141,2.14114907177,1.01689717904
12.880482837,4.64990861802,5.14989916855,2.55147960678,1.45792643978,3.10346302501
21.3323615441,0.76549656039,2.15709683827,4.3320896501,5.60878114207,4.59062774652
15.9358410068,5.22384634435,2.02205092834,1.01057555628,3.44365262171,3.22500469752
13.4174646676,2.58501644831,0.575720125885,5.36460573417,2.17063210336,2.71367594348
18.2275216014,2.03127762117,4.57207672533,5.54338487624,4.14031123366,0.429766800369
36.9432616468,2.21507514769,5.98009868047,0.235879730789,0.274040741393,5.85549837485
29.7496802419,0.278475539204,3.71180909958,5.21362191314,1.0274913406,0.0836057356104
21.4222208742,5.677034565,1.02965653048,1.95653294585,4.95355273313,1.72378885007
12.4424676461,4.20174587609,5.0490690879,5.07534544403,2.06680035198,1.11951836469
15.1949680947,2.14053883523,0.703082834698,1.28891819963,0.760533215741,2.25268323924
16.9678302115,5.44351208757,0.719660413123,4.54358119976,2.40490647646,1.52490221477
11.5972697238,0.698496242966,2.37987815064,2.77087748347,0.834606731988,3.4337829126
8.39288827436,3.04381672393,4.30743814514,2.2177143889,2.44614248226,0.448954952403
17.1131919327,4.23626532977,3.96407067677,0.429025606113,2.16560497152,4.70320579938
8.89426412837,2.60756416182,1.52780289392,2.81919492187,1.11354739976,4.52646503537
23.8615590397,0.920664053881,3.51921063873,0.0764004375058,3.17741916683,5.82812166617
19.988879928,4.71373961725,5.67330049213,2.99926321804,1.73351961741,4.69839726821
13.838159611,2.60611504522,5.77097923063,3.18707646524,3.70741060435,1.49708785458
18.1013272997,2.3077730962,4.43394293434,4.15308407616,4.56264224001,0.407707763638
28.2181965986,0.391536285522,0.819302216718,5.20527412704,4.79570522573,0.948404360285
24.0259780106,4.32564772108,1.84007979796,4.42346447288,5.24961219809,5.52573629605
6.87274725913,4.48966843362,3.99055974627,4.61833288953,3.68982794674,3.02423422724
18.8847697763,3.34582823026,3.22881160671,5.98373032743,3.46356740455,5.1928338586
14.4830749133,4.41626605628,3.1551777582,5.64119443702,4.07983837349,2.71607469826
14.8740270481,4.56048785526,2.75955389326,3.62513614858,5.31101926726,5.00922708523
20.4755749118,4.44991576431,5.78806736155,4.41241583816,3.8661114656,3.82833614974
24.0062913279,0.238033785186,5.11184815478,3.15158346667,1.43726090107,5.83188935236
25.4253911606,5.34428245349,0.35736716288,4.80730311943,0.542723325805,1.67305033499
17.4799007342,4.44153912236,4.06723955374,5.83464459303,3.83457311589,5.4921272863
21.2415491787,0.837813160255,3.05701210366,0.491464612594,0.090468215927,3.40714853487
20.0899911231,5.15360307994,1.09870933688,2.17602964545,3.89820439302,0.786316905808
39.4992171193,5.84155923046,0.377538209743,5.46862466068,5.14411878351,6.04745862619
15.4592436471,2.23571362384,2.05227658379,1.45159551931,3.04656016885,3.81108613465
13.9371903655,5.68444063474,3.66122240733,1.81296262274,1.4706841348,4.91235823804
12.2124857371,5.06504161114,4.32035029026,4.27022112689,3.64037861385,3.14195638281
15.3346664939,2.19799361814,0.16291483089,2.04350753179,1.45433273231,5.30466984092
20.9057624534,0.239172393972,0.371458683374,3.97652943698,3.14729008878,2.22870267909
17.6443836822,4.15614011027,2.95042621635,6.04335096637,0.149278363261,3.88852545333
17.5689306637,3.48199383203,5.25400612611,0.866469176012,4.46700970487,2.41076837307
13.3370008236,4.87230554898,3.80805777375,3.90075655885,0.375389080232,3.0064613224
9.12984397318,1.72958615074,1.87419896581,2.95578662904,1.74768666247,4.98280977979
25.0460815751,2.14317522457,0.508030990435,4.79226762834,0.839253271007,0.0980442513088
15.7793290889,0.886887503929,4.71429561068,1.83310096982,3.10313543373,4.5099383593
10.8666069166,3.70393722315,3.23201147342,5.26806281458,1.00427526235,2.84291760986
32.6816374316,0.100935685566,5.65041922695,3.4686856105,0.128709783282,0.899408423519
16.3043930104,4.47202900282,0.56904605599,4.28503675428,5.38967435623,2.69816774528
13.357102834,1.5617323007,1.5445765641,4.47124014798,3.33284770656,4.10459005719
7.7110702579,3.914214014,2.91301783215,1.22716349627,4.33878582575,3.41782586566
15.5758920201,3.63644534604,4.31758799779,2.73675685683,5.77175449676,5.42559448943
7.92932457188,0.900090207083,4.66291541138,2.76056727052,3.66842007678,4.8527348693
18.8836728691,3.0584342879,5.76698343254,1.53348369802,3.42861246954,5.75039611882
24.0863917497,0.812355059663,5.88326122691,2.76532181559,5.66865493708,4.48040488175
8.79200195983,1.21002040088,3.25122131702,0.815890305242,3.51142089537,2.54831367741
13.6354500318,4.93866921337,1.37684142288,5.2297789766,3.27991356476,2.27395288984
23.8738107294,0.207967956463,3.52867698982,2.75221455004,5.90236130543,1.78356282782
9.13990519906,4.18653407717,3.53978243671,4.88086233944,3.96189488603,4.81555084192
17.6871714249,2.24710943666,4.23950570095,3.24035663971,5.35975177858,5.78234618002
15.1186219744,0.974792179798,2.07146711732,1.06116418437,3.52716101628,1.10009925293
22.9225035858,2.8555340252,0.153657365448,5.6062683011,0.300621088711,3.1252091068
20.1718478841,1.6905588914,5.38053755881,1.09751805922,1.0249803406,3.61058160869
3.10182094918,1.32741789689,2.32831899453,3.25538476305,3.27609772238,2.86281424515
18.8744923397,1.60211474669,3.1146726716,5.55605070272,4.22201314217,0.660599035168
18.521170824,3.49256626952,5.92476116388,2.43023060263,0.923330073327,0.905871465419
14.4388439379,2.69153711425,4.6272067118,5.00090437362,3.13532718722,1.53628981463
8.29242792626,4.29584339192,2.99395645421,3.48694355866,4.55943260769,3.34384479092
19.8730033429,5.59446714399,4.79850794595,1.5451362723,4.82196414846,5.1306851687
12.2835020106,2.62847770121,3.58102421927,3.01175667841,5.77492422403,3.09290895786
12.1360815367,5.00075679314,3.75670467009,4.53939663833,4.09192323984,2.76361106445
18.6939148375,4.42419041614,0.547980452803,3.83216982982,0.478108297476,1.74464765968
13.3642825956,3.85413698779,3.14951267365,5.24758190241,0.392114892542,2.95397501232
13.8715646814,1.11502834663,2.45549510987,4.31913930108,5.14085095524,2.4904665538
31.6469489986,0.196642655504,1.98766315476,0.524838995832,5.83067490441,5.76943135632
15.5573613054,1.8184273757,5.4901162248,2.41711828829,2.38497240279,0.648489372948
9.73968929099,2.81688147411,1.97123389799,2.23479239255,5.30454608307,2.89642948639
19.2059639764,4.34129432573,0.578478022195,1.46580125803,5.32233384785,4.24806160338
17.8353151225,0.251733721606,2.32957606232,2.15526658577,3.29223429975,5.16309082708
7.53495355966,4.1690511813,3.08539002669,4.1441422561,1.94410288665,4.06140646606
13.6378578578,1.95067390535,4.42697785753,4.19237102156,1.89517995765,5.39492772237
24.1390453392,4.51894842646,2.30351763115,0.727237515305,0.530368190133,5.62179437235
8.54431569301,2.74786149239,1.28102642428,2.55213291591,1.35948320409,2.97234089883
12.8240342448,5.71419391353,2.35470812103,5.22757037329,1.59420424605,1.92161349217
12.6814200872,1.21246137794,2.97483491279,2.64182109422,2.69417702016,5.3725053363
2.00806381402,0.772754340413,3.15135491029,2.71566571442,3.85029392033,3.66011169641
12.994616145,2.26163069841,0.531896805573,2.71706704895,1.31323249886,3.97244141155
7.77873093291,3.12855670452,1.47275786182,2.10197173851,4.35126030032,4.88706562231
14.3673820834,4.71601343162,4.13212011806,2.57079526324,0.709069424626,5.26240829563
14.6766291895,3.40780638773,5.42661145189,4.3748342332,2.99489632132,4.58710124185
19.2007632339,5.60153040748,1.08919770268,3.4774268717,4.74650257639,3.15771043815
16.7262400459,3.79333182042,0.134969988257,1.80383973943,4.06707738226,5.12637695574
20.4073784656,5.81526176265,0.192356442172,3.91517794966,4.17108308904,2.38714662017
20.7231147512,0.64518531795,4.00056190853,3.96054855962,0.704119255946,1.34687187664
27.6340230424,0.906904424029,4.21343176786,0.662000312762,3.76922459676,6.03733918501
26.2156758061,0.24716126791,2.60379536239,5.17592799575,2.4290934926,0.0700227450494
17.3177737519,1.36707989474,4.94722997245,5.06259977245,4.37466608527,4.61020983375
17.9904827366,1.92978100481,0.219162417365,1.14128011962,2.94159280963,2.96835297294
23.1001108408,1.39803595258,0.569201525891,1.50757157564,0.370388448462,4.8271395596
17.9908647999,4.93843439624,2.26732947059,4.04099581979,6.03756766133,3.5596673973
8.09922346549,3.01062452539,3.09639660169,0.949632089872,3.23697608436,1.8160246047
25.5966806608,3.21955526648,5.68554891948,5.36140297458,0.824996421989,5.44859493918
14.3081248649,4.28491306994,1.34987030175,3.70557992649,2.16103656363,6.03520345109
19.6819161317,4.5344789238,2.83427664569,0.302212682627,5.45590176773,1.95227154128
18.2854312881,5.16639786999,4.98377576768,0.491013353991,1.34685781977,3.97186710454
17.6265784488,2.82253751716,1.59843110719,1.03817076682,0.0888060740026,4.32256350483
22.2995007467,4.38884720025,0.479399242882,3.29383066632,5.41678258598,0.322438806743
23.6298502089,0.832734627379,4.4636541775,0.936816086029,4.72641869273,5.21020938765
13.513036666,3.74407205595,0.976056410222,2.1892051029,0.455098806377,1.67602043156
16.6366186156,1.27027957489,4.75237400099,5.69052004854,4.54127228916,2.78561793909
13.6109228901,1.17309670713,5.27826035953,1.01679351713,2.63597713107,4.02578175194
23.5971924205,2.84912105395,4.71932780844,5.51939645494,4.70621743577,0.89714805259
19.3800444591,5.31026644645,4.98786981069,0.0543185563011,2.34127909588,3.97499549834
15.9724768819,0.983476770254,4.07123334563,4.85087554967,4.37177527475,5.20144221252
26.4453700012,3.04180899955,0.582527032042,0.882302896253,6.01503288937,4.31140578779
14.5397513733,4.56450109333,1.90210457271,4.51141446165,3.88274811752,1.16595865636
29.5110041658,5.73725354959,1.28765664574,0.378159882853,1.43793525841,5.19633919229
22.0363712994,0.321622610387,0.496635158339,3.12868583468,2.95803143647,0.787189173228
34.7439469141,5.77200172652,0.65119931062,4.07843769927,0.477762250892,0.298385047385
6.8688411134,3.10615512448,2.46651974432,2.16048586678,5.21343481256,2.34532446725
16.0857622507,5.87413063902,4.1288577825,2.50705755657,1.30027139859,4.55585176943
22.7629982254,1.2516788306,4.87322292526,1.16561050374,5.7563868213,1.68822471238
17.6001929965,5.64164195633,4.22369590689,3.58243786475,2.76437278273,0.0608855436502
28.7483371974,5.93601791147,5.00509207279,2.23387382175,0.89805469877,5.44163004945
18.0842199465,0.689416542097,2.69608954127,5.5327835538,4.63997525675,3.36165451043
27.9799371417,1.27701195103,0.344575507058,0.885398890749,5.10184975828,4.96313671305
21.319740229,5.76476801502,1.8435161463,4.27794081162,0.746436789763,5.12669508263
16.4473604115,3.76522358675,0.778835858234,2.70535349291,5.03416874895,1.83503869512
27.2607187403,5.39488175882,5.45020389841,5.80983092412,0.864141542056,4.89702144145
22.4079481151,0.599672814997,2.36896167956,0.373348451647,3.32340875776,1.20471049083
11.0710555779,4.69147698022,0.639453185072,2.685053127,3.49360456721,2.28962063157
18.3599311034,5.06839107547,4.04941223371,5.71780105141,1.08896252406,3.61077159073
15.2366155672,5.40701725927,3.43212035808,5.8300915132,2.42369365314,3.67113640148
23.2831315401,4.70334370046,5.81795780125,1.4323357747,4.74657098626,5.79475120986
8.83806801077,2.80208828643,3.42205674331,4.48316073129,1.87934051301,4.93096835664
7.2048868445,3.45914291966,1.98033343707,4.44092316513,2.51774657598,4.44784167401
23.1213241792,5.09937080917,4.97140316462,2.27454080124,5.53370072644,5.97867897241
24.3782401092,0.374011182495,3.41817113417,0.795002637498,4.47926990148,5.40691941958
6.38271372628,2.1334848637,4.10931316132,2.19027267651,3.81379541358,4.79181521386
14.4846644781,0.141313161444,1.3103781575,2.07785647509,4.41825984591,3.66568949578
26.3550021317,5.93654687957,2.29735537175,5.69507917968,3.17814444442,0.630297618117
16.9408937181,4.96911470015,5.76797866606,3.67656099809,0.911618725792,1.75106340056
13.8199964949,5.53383115396,2.27039590944,0.874418379498,2.93833309068,4.41561104454
9.96078180536,2.84622208799,5.61711290942,2.86490201579,2.56026463516,1.4632648282
15.7303837271,2.64843606823,0.49357491331,1.92730297107,2.36109041013,0.542613760513
20.4847331307,4.092570858,3.63899147188,5.30204694709,3.24335558432,5.61373331612
16.7342415288,2.04647383888,0.518922904302,0.916687097285,5.06417678477,2.5019322129
15.6391533133,2.64705461849,5.26518681448,2.59773516156,1.75117078308,0.598859573675
22.9609925905,1.2119420851,0.708873879614,5.17482727796,5.52064646106,4.63504975265
11.9667873046,3.46137015634,4.29563686898,2.58929573744,1.13349200245,1.15250518303
